# Roman WFI preliminary Filter transmission curve
# https://roman.gsfc.nasa.gov/science/Roman_Reference_Information.html
# Roman Project values as of 2020.11.30 via J. Kruk, compiled by B. Rose
# Microns Throughput
1.600 0.0000
1.605 0.0000
1.610 0.0001
1.615 0.0002
1.620 0.0004
1.625 0.0010
1.630 0.0022
1.635 0.0047
1.640 0.0092
1.645 0.0170
1.650 0.0297
1.655 0.0492
1.660 0.0771
1.665 0.1146
1.670 0.1618
1.675 0.2176
1.680 0.2795
1.685 0.3440
1.690 0.4068
1.695 0.4642
1.700 0.5138
1.705 0.5539
1.710 0.5843
1.715 0.6059
1.720 0.6207
1.725 0.6298
1.730 0.6353
1.735 0.6385
1.740 0.6403
1.745 0.6410
1.750 0.6417
1.755 0.6414
1.760 0.6414
1.765 0.6409
1.770 0.6402
1.775 0.6396
1.780 0.6389
1.785 0.6387
1.790 0.6380
1.795 0.6376
1.800 0.6369
1.805 0.6365
1.810 0.6366
1.815 0.6363
1.820 0.6367
1.825 0.6370
1.830 0.6373
1.835 0.6377
1.840 0.6381
1.845 0.6385
1.850 0.6388
1.855 0.6392
1.860 0.6395
1.865 0.6402
1.870 0.6405
1.875 0.6411
1.880 0.6413
1.885 0.6415
1.890 0.6413
1.895 0.6414
1.900 0.6414
1.905 0.6412
1.910 0.6413
1.915 0.6409
1.920 0.6405
1.925 0.6402
1.930 0.6393
1.935 0.6383
1.940 0.6366
1.945 0.6343
1.950 0.6299
1.955 0.6230
1.960 0.6122
1.965 0.5967
1.970 0.5758
1.975 0.5481
1.980 0.5136
1.985 0.4722
1.990 0.4249
1.995 0.3732
2.000 0.3193
2.005 0.2652
2.010 0.2136
2.015 0.1665
2.020 0.1254
2.025 0.0911
2.030 0.0638
2.035 0.0431
2.040 0.0280
2.045 0.0174
2.050 0.0105
2.055 0.0060
2.060 0.0033
2.065 0.0018
2.070 0.0009
2.075 0.0004
2.080 0.0002
2.085 0.0001
2.090 0.0000
2.095 0.0000