# STSCI IR Throughput data from http://www.stsci.edu/hst/instrumentation/wfc3/performance/throughputs
# Downloaded 08/22/2019
# Wavelength (Angstrom) Throughput (0-1)
7999.0 0.0
8000.0 1.5465168033939607e-07
8002.2001953125 1.7002763259399023e-07
8010.0 1.675540190095461e-07
8020.0 1.6439116276282221e-07
8022.20556640625 1.6369402378704797e-07
8030.0 2.7691350967293033e-07
8040.0 4.2269424286039846e-07
8042.2109375 4.55009298142676e-07
8050.0 3.856513951038412e-07
8060.0 2.9627028069617834e-07
8062.21630859375 2.764092294270215e-07
8070.0 2.3392997397649247e-07
8080.0 1.791490606677244e-07
8082.2216796875 1.6694694407609313e-07
8090.0 2.2021914908262616e-07
8100.0 2.88963642089424e-07
8102.2275390625 3.043162569579467e-07
8110.0 2.5840952553421634e-07
8120.0 1.9912245290040132e-07
8122.23291015625 1.8584987452798754e-07
8130.0 1.894844170043735e-07
8140.0 1.9418053303303655e-07
8150.0 1.9889515046792662e-07
8160.0 2.0362902343099652e-07
8170.0 2.0838182695432745e-07
8180.0 2.131532701489323e-07
8182.2490234375 2.1432308876271877e-07
8190.0 2.764766509002046e-07
8200.0 3.5723859510453194e-07
8202.25390625 3.7551421452467565e-07
8210.0 5.793520550794418e-07
8220.0 8.442943643658495e-07
8222.259765625 9.044457436500248e-07
8230.0 1.010601293479583e-06
8240.0 1.1478536563772237e-06
8242.2646484375 1.1790539323769915e-06
8250.0 9.577427739248389e-07
8260.0 6.700392781589391e-07
8262.2705078125 6.044640092197107e-07
8270.0 7.454867070186654e-07
8280.0 9.289347919843363e-07
8282.2763671875 9.708520012035259e-07
8290.0 8.771879778076494e-07
8300.0 7.55237891836514e-07
8302.28125 7.273107866693247e-07
8310.0 4.994784009838189e-07
8320.0 2.0268325580919465e-07
8322.287109375 1.3454437671382847e-07
8330.0 3.266100772615018e-07
8340.0 5.769884303917942e-07
8342.2919921875 6.345911579224103e-07
8350.0 6.236616451032454e-07
8360.0 6.093982115592503e-07
8362.2978515625 6.058118440926027e-07
8370.0 7.544128715668678e-07
8380.0 9.476678814040439e-07
8382.302734375 9.922212131098464e-07
8390.0 1.2929854668464544e-06
8400.0 1.684378103120617e-06
8402.30859375 1.774758995013916e-06
8410.0 1.701250838913928e-06
8420.0 1.6055483738498522e-06
8422.3134765625 1.5833879092843206e-06
8430.0 1.373744198412268e-06
8440.0 1.100641078348609e-06
8442.3193359375 1.0372408826521824e-06
8450.0 7.901740184402604e-07
8460.0 4.6807651664060864e-07
8462.32421875 3.9314506425527126e-07
8470.0 3.794262997359555e-07
8480.0 3.615307087146575e-07
8490.0 3.4361242778850854e-07
8500.0 3.2567486900121916e-07
8510.0 3.079026667671108e-07
8520.0 2.9008611805114313e-07
8522.3408203125 2.859086765964703e-07
8530.0 1.0464258581389838e-06
8540.0 2.04191788835297e-06
8542.3466796875 2.2753404401914936e-06
8550.0 2.1328887718661013e-06
8560.0 1.946652259384653e-06
8562.3515625 1.902839074915039e-06
8570.0 1.2913194357091467e-06
8580.0 4.913482633625201e-07
8582.357421875 3.0268955764563726e-07
8590.0 5.665030850862904e-07
8600.0 9.118732110494619e-07
8602.3623046875 9.934524711405418e-07
8610.0 1.23123952159757e-06
8620.0 1.5426433671754486e-06
8622.3681640625 1.6164003418756988e-06
8630.0 1.38502366313058e-06
8640.0 1.0834444677655815e-06
8642.373046875 1.0117293563610687e-06
8650.0 9.052446388537599e-07
8660.0 7.652118150046056e-07
8670.0 6.247103462563319e-07
8680.0 4.837401037699379e-07
8690.0 3.423020810289677e-07
8700.0 2.0039764507143363e-07
8702.3896484375 1.6641844888343277e-07
8710.0 7.904564725228156e-07
8720.0 1.6127872765357484e-06
8722.39453125 1.8121319763496234e-06
8730.0 1.2967936019042687e-06
8740.0 6.115718376049294e-07
8742.400390625 4.457961556168516e-07
8750.0 7.00622990882763e-07
8760.0 1.0396336359483325e-06
8770.0 1.3828644175735892e-06
8780.0 1.730344851362152e-06
8790.0 2.0820988560919086e-06
8800.0 2.4381516046002546e-06
8810.0 2.7946330028850973e-06
8820.0 3.154456776689901e-06
8830.0 3.5176457044091815e-06
8840.0 3.8907561874103795e-06
8850.0 4.2684951286595e-06
8860.0 4.650892391596889e-06
8870.0 5.037975676498126e-06
8880.0 5.429766407091655e-06
8890.0 5.826309085077984e-06
8900.0 6.227624321127912e-06
8910.0 6.60769437184712e-06
8920.0 6.9895390894217694e-06
8922.44921875 7.084765094826428e-06
8930.0 6.227589165184628e-06
8940.0 5.081613459123776e-06
8950.0 3.9300339047716e-06
8960.0 2.775159257118624e-06
8962.4599609375 2.4894083183582235e-06
8970.0 2.5980950668839465e-06
8980.0 2.7451226480284635e-06
8982.46484375 2.7809427658845247e-06
8990.0 2.9042692938537124e-06
9000.0 3.068617449786109e-06
9010.0 3.2289161066009715e-06
9020.0 3.386756353638234e-06
9022.4765625 3.426568037292764e-06
9030.0 2.754913200969463e-06
9040.0 1.8607240833814202e-06
9042.4814453125 1.638569799549595e-06
9050.0 2.1735370046561117e-06
9060.0 2.8887422011717593e-06
9070.0 3.6036240824228596e-06
9080.0 4.323614941860516e-06
9082.4921875 4.502545238313083e-06
9090.0 4.073399824755236e-06
9100.0 3.5007973317315444e-06
9102.498046875 3.3582753806936223e-06
9110.0 3.717667556719059e-06
9120.0 4.194872555756672e-06
9130.0 4.6770412294834684e-06
9140.0 5.156796452123025e-06
9142.5087890625 5.27843986147191e-06
9150.0 3.3579786105197347e-06
9160.0 7.849829947287121e-07
9162.513671875 1.3734266610426454e-07
9170.0 7.946201160849026e-07
9180.0 1.6742133311368456e-06
9190.0 2.557950451395177e-06
9200.0 3.4423205950852716e-06
9202.5244140625 3.6660449146270875e-06
9210.0 2.5131298003374624e-06
9220.0 9.665483455312734e-07
9222.5302734375 5.751082466937272e-07
9230.0 1.432038339726258e-06
9240.0 2.5820139294089175e-06
9250.0 3.738287824995769e-06
9260.0 4.895586590530485e-06
9262.541015625 5.191276834826138e-06
9270.0 3.430192890451434e-06
9280.0 1.0590995022349617e-06
9282.546875 4.5425918740923657e-07
9290.0 4.212729226009654e-07
9300.0 3.765254430758131e-07
9310.0 3.3193195660188704e-07
9320.0 2.8689688254085793e-07
9322.5576171875 2.7541764002409023e-07
9330.0 2.7974466510195833e-07
9340.0 2.853405106490993e-07
9342.5625 2.868387888332286e-07
9350.0 1.8637457163939305e-06
9360.0 3.988873259699958e-06
9362.568359375 4.536622487633082e-06
9370.0 4.661975535377011e-06
9380.0 4.827205340259641e-06
9390.0 4.997096881096394e-06
9400.0 5.167726360886602e-06
9410.0 5.3295760453170775e-06
9420.0 5.496195375595077e-06
9422.583984375 5.5381104654660804e-06
9430.0 3.5327041805150473e-06
9440.0 8.27592108854947e-07
9442.58984375 1.253514726261339e-07
9450.0 1.0818391349625208e-06
9460.0 2.3768656632763925e-06
9470.0 3.676649366259647e-06
9480.0 4.97698679054291e-06
9482.6005859375 5.316734964053424e-06
9490.0 3.6236375070601556e-06
9500.0 1.3281712056485957e-06
9502.6064453125 7.282988623196482e-07
9510.0 1.3242588176210327e-06
9520.0 2.1332537384831235e-06
9530.0 2.9424294880826207e-06
9540.0 3.7560717483032487e-06
9542.6171875 3.969453217792923e-06
9550.0 2.8300161195894555e-06
9560.0 1.281133698985831e-06
9562.6220703125 8.747935931874762e-07
9570.0 1.131616832112536e-06
9580.0 1.480687852211346e-06
9590.0 1.829325908131579e-06
9600.0 2.180329483097779e-06
9602.6328125 2.2727060314514176e-06
9610.0 1.979342914390188e-06
9620.0 1.5789274029117015e-06
9630.0 1.1792002849536202e-06
9640.0 7.788018231095566e-07
9642.6435546875 6.725851390055183e-07
9650.0 1.3614665193777526e-06
9660.0 2.301052652329258e-06
9662.6494140625 2.5504805858990647e-06
9670.0 2.560204698801749e-06
9680.0 2.571249767172116e-06
9690.0 2.5844769326587093e-06
9700.0 2.597712253552791e-06
9702.66015625 2.6006422191184864e-06
9710.0 2.2313274716308946e-06
9720.0 1.729017752733902e-06
9730.0 1.2251553406831917e-06
9740.0 7.191451533746124e-07
9742.6708984375 5.840148818685765e-07
9750.0 1.4487734012782005e-06
9760.0 2.6316722992825017e-06
9762.6767578125 2.9488858303164116e-06
9770.0 3.048323350519048e-06
9780.0 3.1816851734018115e-06
9790.0 3.317985033942691e-06
9800.0 3.4546189732516573e-06
9810.0 3.5897092531115696e-06
9820.0 3.72180009628483e-06
9822.6923828125 3.7582130607289297e-06
9830.0 3.878224493033927e-06
9840.0 4.044705734549604e-06
9850.0 4.211563428252534e-06
9860.0 4.375041095205167e-06
9870.0 4.542477886167597e-06
9880.0 4.710257969614214e-06
9882.708984375 4.755759359082408e-06
9890.0 3.909151569988418e-06
9900.0 2.7430463662140347e-06
9910.0 1.5773532298016735e-06
9920.0 4.0878183729224085e-07
9922.7197265625 9.047251643323144e-08
9930.0 1.4251789834546193e-06
9940.0 3.26220873339177e-06
9942.7255859375 3.7627574641636443e-06
9950.0 3.26904106304682e-06
9960.0 2.5921504218628246e-06
9970.0 1.9136868621868122e-06
9980.0 1.2336862085444405e-06
9982.736328125 1.0473499248258878e-06
9990.0 1.7611750893626639e-06
10000.0 2.7433168629586114e-06
10002.7412109375 3.0137660662260716e-06
10010.0 2.9454831879178404e-06
10020.0 2.8510980718957204e-06
10030.0 2.7563593680178673e-06
10040.0 2.661274545598112e-06
10042.751953125 2.6344209858749244e-06
10050.0 2.067904176067034e-06
10060.0 1.286471859996957e-06
10062.7578125 1.0705471002945577e-06
10070.0 1.4153920645782205e-06
10080.0 1.892747042666073e-06
10082.7626953125 2.0248647528963204e-06
10090.0 2.6581308641175683e-06
10100.0 3.5352813245421674e-06
10102.7685546875 3.7785558467891525e-06
10110.0 3.150955383957384e-06
10120.0 2.278943549894514e-06
10122.7744140625 2.037316090779653e-06
10130.0 1.7375501009218113e-06
10140.0 1.3216592498525548e-06
10142.779296875 1.2058607864572508e-06
10150.0 2.5322312022880115e-06
10160.0 4.373414407045271e-06
10162.78515625 4.8870828254293255e-06
10170.0 3.844531914112901e-06
10180.0 2.3961372718183097e-06
10182.7900390625 1.99085855997657e-06
10190.0 1.8600297860957535e-06
10200.0 1.6798484060106407e-06
10202.7958984375 1.6294120240059307e-06
10210.0 3.242438747109836e-06
10220.0 5.486658198577082e-06
10222.80078125 6.116277521308486e-06
10230.0 4.779778275996034e-06
10240.0 2.919016433057758e-06
10242.806640625 2.3958724110474455e-06
10250.0 2.394623462511748e-06
10260.0 2.3928555416156023e-06
10262.8115234375 2.3923492347761804e-06
10270.0 3.7385893808304613e-06
10280.0 5.615458601787069e-06
10282.8173828125 6.143606132195072e-06
10290.0 4.948199284272977e-06
10300.0 3.2855103221812156e-06
10302.8232421875 2.815326426322141e-06
10310.0 3.316700292914145e-06
10320.0 4.01676466605407e-06
10322.828125 4.215053717344029e-06
10330.0 4.874732596147448e-06
10340.0 5.796432928350174e-06
10342.833984375 6.058036813364578e-06
10350.0 5.391463777036917e-06
10360.0 4.4592908437696986e-06
10362.8388671875 4.19423882205146e-06
10370.0 5.018893313095882e-06
10380.0 6.1727661026426325e-06
10382.84375 6.501386541230179e-06
10390.0 6.325188064140534e-06
10400.0 6.078412550984262e-06
10402.849609375 6.008034781930781e-06
10410.0 6.343238260290879e-06
10420.0 6.812946442464316e-06
10422.85546875 6.947259992991562e-06
10430.0 8.54424792852728e-06
10440.0 1.0783986790009295e-05
10442.861328125 1.1425802482204925e-05
10450.0 1.0325017047620025e-05
10460.0 8.772277213206134e-06
10462.8662109375 8.329095827987648e-06
10470.0 9.777725408666392e-06
10480.0 1.1812366475003679e-05
10482.8720703125 1.2397578718772028e-05
10490.0 1.5041630799360693e-05
10500.0 1.8758275472493018e-05
10502.876953125 1.9824474401601873e-05
10510.0 1.9837586971107776e-05
10520.0 1.9855946396200972e-05
10522.8818359375 1.9861215764601015e-05
10530.0 2.2502621281590267e-05
10540.0 2.6215421154979132e-05
10542.8876953125 2.7287978020227726e-05
10550.0 3.250659883155982e-05
10560.0 3.9847963563442665e-05
10562.892578125 4.197236146731421e-05
10570.0 4.538215664549504e-05
10580.0 5.018204667456204e-05
10582.8994140625 5.157427073058465e-05
10590.0 5.8980188480576464e-05
10600.0 6.941563031491148e-05
10602.904296875 7.24460283879674e-05
10610.0 8.090307158761747e-05
10620.0 9.282625457712019e-05
10630.0 0.00010475484960541103
10640.0 0.00011668894200486611
10650.0 0.0001286283668364322
10660.0 0.00014057325959460304
10670.0 0.00015252367232382907
10672.9228515625 0.00015601762703109097
10677.923828125 0.0001452662882704945
10680.0 0.00015685952021354203
10682.92578125 0.0001732424093692758
10687.9267578125 0.00017459052902492014
10690.0 0.00018434368867686492
10692.9287109375 0.00019807892601871738
10697.9296875 0.0001828389181102716
10700.0 0.00019045393159197635
10702.9306640625 0.00020123472299795017
10707.9326171875 0.00017709218913469286
10710.0 0.0001524223491996194
10712.93359375 0.0001174121142588705
10717.9345703125 0.000216393515548746
10720.0 0.00031172536211519287
10722.9365234375 0.000447279307871997
10727.9384765625 0.0005632621593652477
10730.0 0.0005332330645347764
10732.939453125 0.0004904108133123194
10737.94140625 0.0004487069466859821
10740.0 0.00048058066708169786
10742.9423828125 0.0005261438702888667
10747.943359375 0.0005522178382940683
10750.0 0.0005850936372059056
10752.9453125 0.0006321811202897236
10757.9462890625 0.0006684344591733003
10760.0 0.0007202832185753375
10762.9482421875 0.0007947251686936124
10767.94921875 0.0008310872857252648
10770.0 0.000873842793933631
10772.9501953125 0.0009353574769589483
10777.9521484375 0.0009444579899850582
10780.0 0.000975234639922417
10782.953125 0.0010196230454536247
10787.9541015625 0.0013973280423943135
10790.0 0.0014626990564656256
10792.9560546875 0.0015571644735785782
10797.95703125 0.001895452255744817
10800.0 0.0019693584009178268
10802.9580078125 0.0020764108880575146
10807.9599609375 0.0021723752030769735
10810.0 0.0022902051997130742
10812.9609375 0.002461253789086743
10817.9619140625 0.00279464207636814
10820.0 0.002940938842624956
10822.9638671875 0.003153725481474535
10827.96484375 0.0035708989784197505
10830.0 0.0037768138558706673
10832.966796875 0.00407704072848607
10837.9677734375 0.004627485695043634
10840.0 0.0048866748745632314
10842.96875 0.0052653752411505024
10847.970703125 0.005941772483907187
10850.0 0.006236068770287061
10852.9716796875 0.0066671090128254725
10857.97265625 0.007903403944836336
10860.0 0.008351569254567108
10862.974609375 0.00901156172051553
10867.9755859375 0.010528622800306885
10870.0 0.011171676563001184
10872.9765625 0.012114659609003525
10877.978515625 0.013788867052136887
10880.0 0.014641469769020268
10882.98046875 0.015898770868545124
10887.9814453125 0.018407654950488364
10890.0 0.0195445302322321
10892.9833984375 0.02122514326913351
10897.984375 0.024558306865070996
10900.0 0.026154778486908416
10902.986328125 0.028520531975452686
10907.9873046875 0.03309111231999732
10910.0 0.03519095567773346
10912.98828125 0.03830924294747711
10917.990234375 0.04434059635444295
10920.0 0.04715184851624466
10922.9912109375 0.051336787274240604
10927.9921875 0.05955380677523448
10930.0 0.06327114968358957
10932.994140625 0.06881575534227215
10937.9951171875 0.07938272354198504
10940.0 0.08401201168181324
10942.99609375 0.09093146010471806
10947.998046875 0.10413426923928223
10950.0 0.11000663610650198
10952.9990234375 0.11880556253720505
10958.0 0.13474348788942336
10960.0 0.1416319090525797
10963.001953125 0.15197360246895453
10968.0029296875 0.169675608507394
10970.0 0.1774889400059536
10973.0048828125 0.18929682106880028
10978.005859375 0.21012003496271803
10980.0 0.21854146720114498
10983.0068359375 0.2311884168859151
10988.0087890625 0.2526362963122657
10990.0 0.26104867950715016
10993.009765625 0.27375054594836845
10998.0107421875 0.29517626927247204
11000.0 0.303410978779139
11003.0126953125 0.31589519644341235
11008.013671875 0.33567484298627287
11010.0 0.34311500596032557
11013.0146484375 0.354408782548295
11018.0166015625 0.37153289692299724
11020.0 0.37787325973774033
11023.017578125 0.38752117952467685
11028.0185546875 0.40179982938750525
11030.0 0.4068382836343032
11033.021484375 0.4145226234144206
11038.0224609375 0.4255120189562297
11040.0 0.42929778822365083
11043.0244140625 0.4350886231310579
11048.025390625 0.44329091964464773
11050.0 0.44597408899256114
11053.0263671875 0.45008709365284966
11058.0283203125 0.45585530969220234
11060.0 0.4577291667199857
11063.029296875 0.46072841117942703
11068.0302734375 0.46486793626686396
11070.0 0.4662768301197344
11073.0322265625 0.46832511658678466
11078.033203125 0.47090513060084355
11080.0 0.4717589158613496
11083.0341796875 0.47307626231068106
11088.0361328125 0.4748438125563283
11090.0 0.47545186699409364
11093.037109375 0.4763923689082415
11098.0380859375 0.4776483512782557
11100.0 0.4780907313196906
11103.0400390625 0.478776318620264
11108.041015625 0.4796990664697365
11110.0 0.48002133822025195
11113.0419921875 0.48052185222145466
11118.0439453125 0.48133581398248654
11120.0 0.4816303978765697
11123.044921875 0.4820890364901061
11128.046875 0.48270936499628603
11130.0 0.48293713418529527
11133.0478515625 0.4832926212644901
11138.048828125 0.4838911660101099
11140.0 0.4840774870619671
11143.05078125 0.4844955932512231
11148.0517578125 0.48510227079942997
11150.0 0.48533794117073714
11153.052734375 0.4855803277046718
11158.0546875 0.48593155130947197
11160.0 0.48603048431939827
11163.0556640625 0.486185907071751
11168.056640625 0.48637009762382144
11170.0 0.48639141489146676
11173.05859375 0.486424965974102
11178.0595703125 0.4865864882554343
11180.0 0.48664367296693134
11183.060546875 0.4867338774321269
11188.0634765625 0.4868823091096203
11190.0 0.4869378388077029
11193.064453125 0.4870257211914508
11198.06640625 0.4871327734525365
11200.0 0.4871911766434081
11203.0673828125 0.48741971311925936
11208.068359375 0.48781320826713515
11210.0 0.4879734614849497
11213.0703125 0.4880999552772264
11218.0712890625 0.4883779430323241
11220.0 0.4885049174953831
11223.072265625 0.48870720773505216
11228.07421875 0.4888982567402496
11230.0 0.4889579730983423
11233.0751953125 0.4890533423931464
11238.076171875 0.48927236303065497
11240.0 0.48934491375386713
11243.078125 0.48946100970327894
11248.0791015625 0.48961471547707375
11250.0 0.4896562260571104
11253.080078125 0.4897227918745308
11258.08203125 0.48975384057114957
11260.0 0.489723304734286
11263.0830078125 0.48967420384166993
11268.0849609375 0.48963668816182737
11270.0 0.4896528170956103
11273.0859375 0.48980818790971764
11278.0869140625 0.4899451447883187
11280.0 0.489954392083062
11283.0888671875 0.48983980755265655
11288.08984375 0.48967905900178427
11290.0 0.48959608904284496
11293.0908203125 0.48946180279381996
11298.0927734375 0.4891788193983806
11300.0 0.48906156820175667
11303.09375 0.4888713294022795
11308.0947265625 0.48842479407959855
11310.0 0.4882835478069085
11313.0966796875 0.48805392659349767
11318.09765625 0.48762430516329314
11320.0 0.48746820329803364
11323.0986328125 0.4872138813308436
11328.1005859375 0.4868221292834378
11330.0 0.4866709685006005
11333.1015625 0.48655313081697676
11338.103515625 0.4863724280482899
11340.0 0.48632427289497265
11343.10546875 0.48611626598545754
11348.1064453125 0.4858682751681677
11350.0 0.4858382696815483
11353.1083984375 0.4857889970737287
11358.109375 0.48576625845209387
11360.0 0.485759965762347
11363.1103515625 0.485749604183239
11368.1123046875 0.48572119786044443
11370.0 0.48566405287120035
11373.11328125 0.48556978141765794
11378.1142578125 0.4856632581579516
11380.0 0.48576049144971806
11383.1162109375 0.4860506214589777
11388.1171875 0.4866191629728117
11390.0 0.48684392476405125
11393.1181640625 0.487086591121733
11398.1201171875 0.4875479722440778
11400.0 0.4877268275596602
11403.12109375 0.48803488072436213
11408.123046875 0.488499511395035
11410.0 0.48871288819821745
11413.1240234375 0.4890681051105195
11418.125 0.48956785734771585
11420.0 0.4897681077868686
11423.126953125 0.4901021322920086
11428.1279296875 0.4905311356295481
11430.0 0.49069636620080087
11433.12890625 0.490972578313006
11438.130859375 0.49136812391299434
11440.0 0.49146121715113616
11443.1318359375 0.4917487133785521
11448.1328125 0.49213376281222676
11450.0 0.49225955666414173
11453.134765625 0.49233909705995643
11458.1357421875 0.49235926528071244
11460.0 0.49235052761715714
11463.13671875 0.49233581244840896
11468.138671875 0.492287193133699
11470.0 0.4922868342025501
11473.1396484375 0.4922862183801145
11478.1416015625 0.4920217911960057
11480.0 0.4919105037293088
11483.142578125 0.4917222623797235
11488.1435546875 0.49137736380556324
11490.0 0.49126040987420266
11493.146484375 0.4911939565775182
11498.1474609375 0.4911011700960054
11500.0 0.4910802153552681
11503.1484375 0.4909045247885764
11508.150390625 0.4905646908663129
11510.0 0.49046159319627275
11513.1513671875 0.49028589189458144
11518.15234375 0.4901501117457414
11520.0 0.4900926990378991
11523.154296875 0.48999465683463395
11528.1552734375 0.4899632520923247
11530.0 0.4899182240035985
11533.15625 0.4898411590947814
11538.158203125 0.4900935966059854
11540.0 0.49024218457606167
11543.1591796875 0.4906292045230589
11548.1611328125 0.4913774873278171
11550.0 0.4917064536574995
11553.162109375 0.49213984362910634
11558.1630859375 0.4929374689734055
11560.0 0.49326798841971775
11563.1650390625 0.49383758455587295
11568.166015625 0.4948537190034855
11570.0 0.4952569323410313
11573.1669921875 0.495953345808145
11578.1689453125 0.4972517866751865
11580.0 0.49772427736849584
11583.169921875 0.49854240708228525
11588.1708984375 0.4998294140867625
11590.0 0.5002687850122571
11593.1728515625 0.5011664814227482
11598.173828125 0.5026474802296078
11600.0 0.5031614911294721
11603.1748046875 0.5039203920226777
11608.1767578125 0.5050602665362965
11610.0 0.5054580101344834
11613.177734375 0.5061513692941833
11618.1796875 0.507147621594288
11620.0 0.5074385233330712
11623.1806640625 0.507946914366738
11628.181640625 0.5087547810942975
11630.0 0.5089472285398389
11633.18359375 0.5094222193876877
11638.1845703125 0.5101082699553747
11640.0 0.5102953294026262
11643.185546875 0.5104853871670219
11648.1884765625 0.5106442847334767
11650.0 0.510619686428464
11653.189453125 0.510576359602291
11658.1904296875 0.5103749884268941
11660.0 0.5102444534982239
11663.1923828125 0.5100141126349538
11668.193359375 0.5094817103841044
11670.0 0.5093058220767911
11673.1943359375 0.5089947607678343
11678.1962890625 0.508398487081508
11680.0 0.508172496785969
11683.197265625 0.5079098732446772
11688.19921875 0.5074480403091125
11690.0 0.507258275655409
11693.2001953125 0.5067829375128524
11698.201171875 0.5061413080546725
11700.0 0.5059054563819307
11703.203125 0.5054853879926311
11708.2041015625 0.5049373964569487
11710.0 0.5047456067901087
11713.205078125 0.5044032484132864
11718.20703125 0.5038449117502879
11720.0 0.5036995574662799
11723.2080078125 0.5035766324014824
11728.208984375 0.5034580851597371
11730.0 0.503490622047647
11733.2109375 0.5034116881247421
11738.2119140625 0.5032447704965818
11740.0 0.5032716350562029
11743.212890625 0.5033199067882573
11748.21484375 0.5034435675858079
11750.0 0.5035106176550683
11753.2158203125 0.5036314183376915
11758.2177734375 0.5038726000248095
11760.0 0.5040285344099448
11763.21875 0.5043102036873988
11768.2197265625 0.5047270203342712
11770.0 0.5048882444477609
11773.2216796875 0.5053182206579689
11778.22265625 0.5060311337406168
11780.0 0.5062833516792798
11783.2236328125 0.5066024766346664
11788.2255859375 0.5071442421779382
11790.0 0.5073289082862077
11793.2265625 0.5076647600947675
11798.2275390625 0.5080687504666664
11800.0 0.5081980021691198
11803.23046875 0.5084110925671963
11808.2314453125 0.5087066145284336
11810.0 0.508808358671956
11813.232421875 0.5091338774556015
11818.234375 0.509549251543366
11820.0 0.5096393070047748
11823.2353515625 0.5096646042130575
11828.2373046875 0.5096686110120592
11830.0 0.5096419215576286
11833.23828125 0.5095928787503502
11838.2392578125 0.5093854783743269
11840.0 0.5093215236842539
11843.2412109375 0.5092037743695399
11848.2421875 0.5089270067502661
11850.0 0.5087840014899134
11853.2431640625 0.5086598877382111
11858.2451171875 0.5085180185695991
11860.0 0.5084421338587961
11863.24609375 0.5081619260524424
11868.2470703125 0.5077705800339228
11870.0 0.5076041421299694
11873.2490234375 0.5072956070986124
11878.25 0.5068162823834643
11880.0 0.5066742551441082
11883.2509765625 0.5064103715473374
11888.2529296875 0.5060710758096709
11890.0 0.5059679444937819
11893.25390625 0.5059151916772086
11898.255859375 0.5058239186529097
11900.0 0.505903716045124
11903.2568359375 0.5059133186892228
11908.2578125 0.5059248691860295
11910.0 0.505939714933075
11913.259765625 0.5059674915254753
11918.2607421875 0.5059848563340759
11920.0 0.5060181614832734
11923.26171875 0.5060806239715183
11928.263671875 0.5063059408368261
11930.0 0.5064075760544825
11933.2646484375 0.5065986914667214
11938.265625 0.5069294514970987
11940.0 0.5070310026548862
11943.267578125 0.507362555434944
11948.2685546875 0.5077675160443333
11950.0 0.5080296928223189
11953.26953125 0.5083844646889838
11958.2724609375 0.5089536533101272
11960.0 0.5091501090665785
11963.2734375 0.5095224088961389
11968.275390625 0.5100591501565075
11970.0 0.5102748397327901
11973.2763671875 0.5106846504926794
11978.27734375 0.5114131751146628
11980.0 0.5115825213068584
11983.279296875 0.5120468389375178
11988.2802734375 0.5126693653354574
11990.0 0.5128626632147881
11993.28125 0.5130893974372768
11998.283203125 0.5133298513877108
12000.0 0.5134084172928173
12003.2841796875 0.5135794094578146
12008.28515625 0.513827720277609
12010.0 0.513926094953479
12013.287109375 0.5141146932010966
12018.2880859375 0.5143790007714621
12020.0 0.514471303571357
12023.2890625 0.514791623958696
12028.291015625 0.5151402982935318
12030.0 0.5152283264920837
12033.2919921875 0.5152547717530372
12038.2939453125 0.5152182501853955
12040.0 0.5151985218135571
12043.294921875 0.5151604044739722
12048.2958984375 0.514931939500642
12050.0 0.5148912692842342
12053.2978515625 0.5148125389428589
12058.298828125 0.5147291197884712
12060.0 0.5147358740885443
12063.2998046875 0.5148923157714891
12068.3017578125 0.5150525563225093
12070.0 0.515119357490201
12073.302734375 0.5151058037212778
12078.3037109375 0.5151755475290158
12080.0 0.5152389870173231
12083.3056640625 0.5153626309831458
12088.306640625 0.515573087941985
12090.0 0.515657321821206
12093.30859375 0.5158219267350194
12098.3095703125 0.5160149383018687
12100.0 0.5161037456570785
12103.310546875 0.5164218097964951
12108.3134765625 0.5169148927941166
12110.0 0.5170763416938573
12113.314453125 0.5172492902294376
12118.3154296875 0.5175992034952113
12120.0 0.5177126082319834
12123.3173828125 0.5179359680397221
12128.318359375 0.5182355551219375
12130.0 0.5183556317288184
12133.3193359375 0.5185926843215337
12138.3212890625 0.5188754562126333
12140.0 0.5189796653864548
12143.322265625 0.5193312358135541
12148.3232421875 0.5198458337920172
12150.0 0.5199780294872144
12153.3251953125 0.5200946879952378
12158.326171875 0.5202462225666338
12160.0 0.520195363259229
12163.328125 0.520094210090514
12168.3291015625 0.5201795791364452
12170.0 0.5201613776742233
12173.330078125 0.5201250869039392
12178.33203125 0.5200177512699258
12180.0 0.519990469271015
12183.3330078125 0.520081812250777
12188.333984375 0.5201556950687829
12190.0 0.520145395078553
12193.3359375 0.5199787646939666
12198.3369140625 0.5197693944694441
12200.0 0.5196901507720305
12203.337890625 0.5195151443822765
12208.33984375 0.5190950977063812
12210.0 0.5189414073718354
12213.3408203125 0.5187778084051369
12218.341796875 0.5185191050568299
12220.0 0.5184307446132805
12223.34375 0.5181067896431105
12228.3447265625 0.5175973874908176
12230.0 0.5173867836537452
12233.3466796875 0.5169609111984428
12238.34765625 0.5164956708170424
12240.0 0.5163801450869707
12243.3486328125 0.5161459817663625
12248.3505859375 0.5158192624794693
12250.0 0.515737109945934
12253.3515625 0.5157153454923321
12258.3525390625 0.5158665739243091
12260.0 0.5159263198113342
12263.35546875 0.5159026514081358
12268.3564453125 0.5161489975731938
12270.0 0.5161675427316095
12273.357421875 0.5162054269712613
12278.359375 0.5164325657891758
12280.0 0.5165384418249678
12283.3603515625 0.5167553254320008
12288.361328125 0.5170749457304192
12290.0 0.5172254216238313
12293.36328125 0.5176804592174056
12298.3642578125 0.5184392649494203
12300.0 0.5187016434556949
12303.3662109375 0.5190952133035316
12308.3671875 0.5197440671622093
12310.0 0.5199773895874678
12313.3681640625 0.5204587523956646
12318.3701171875 0.5212193460498313
12320.0 0.5214650121762071
12323.37109375 0.5219731939402522
12328.3720703125 0.5227121624957108
12330.0 0.522960413583574
12333.3740234375 0.523623167371467
12338.375 0.524597180943559
12340.0 0.5248951247242148
12343.3759765625 0.5253657128830489
12348.3779296875 0.5260414538927562
12350.0 0.5262447583762145
12353.37890625 0.5266683153411948
12358.3798828125 0.5271859107116303
12360.0 0.5273368361193917
12363.3818359375 0.5276519191700472
12368.3828125 0.5280403657386068
12370.0 0.5281394858609026
12373.384765625 0.5284968780473486
12378.3857421875 0.5289059972264827
12380.0 0.5290372119931926
12383.38671875 0.5291624655112996
12388.388671875 0.5291882159208922
12390.0 0.5291905858163144
12393.3896484375 0.5291955667706754
12398.390625 0.5291510367104014
12400.0 0.529085798572731
12403.392578125 0.5289697623055132
12408.3935546875 0.5288206901658884
12410.0 0.5287521323215436
12413.39453125 0.5287575139171543
12418.3974609375 0.5287198927804944
12420.0 0.5287054742820063
12423.3984375 0.5285244608332088
12428.3994140625 0.528222743051393
12430.0 0.5280882482680473
12433.4013671875 0.5278023670327574
12438.40234375 0.52742238500078
12440.0 0.5273494071024628
12443.404296875 0.5271938626494923
12448.4052734375 0.5270361356322327
12450.0 0.526992910428012
12453.40625 0.5270507319385324
12458.408203125 0.5272509990029007
12460.0 0.5273278299656545
12463.4091796875 0.5273420713867691
12468.41015625 0.5274030892587909
12470.0 0.5274801116124289
12473.412109375 0.5276454398818595
12478.4130859375 0.5279882110875844
12480.0 0.528077540685343
12483.4140625 0.5282697520637737
12488.416015625 0.5285356172558249
12490.0 0.5286410090068923
12493.4169921875 0.5290195034383524
12498.41796875 0.5296286483060724
12500.0 0.5298309007963413
12503.419921875 0.5300759746497217
12508.4208984375 0.5304398166885943
12510.0 0.5305442360092484
12513.4228515625 0.5307705896973949
12518.423828125 0.5311481632020221
12520.0 0.5312748874989217
12523.4248046875 0.5315502614815332
12528.4267578125 0.5318528809196429
12530.0 0.5319407179339829
12533.427734375 0.5322844768536341
12538.4287109375 0.5327791491055655
12540.0 0.5328904962198894
12543.4306640625 0.5329810286956006
12548.431640625 0.5330639475866371
12550.0 0.5330800528240976
12553.4326171875 0.5331152988914858
12558.4345703125 0.5330064370989779
12560.0 0.5329646879653218
12563.435546875 0.533025870115247
12568.4365234375 0.5330019196308494
12570.0 0.5329683354940867
12573.439453125 0.5327415031237692
12578.4404296875 0.5322669505678057
12580.0 0.5321077456296696
12583.4423828125 0.5317562994135132
12588.443359375 0.5311865959175478
12590.0 0.5309902185193275
12593.4443359375 0.5305556530027525
12598.4462890625 0.5298405676642007
12600.0 0.5296022545305277
12603.447265625 0.5292178576004924
12608.4482421875 0.5286584970245463
12610.0 0.5284824542559327
12613.4501953125 0.5279389703590522
12618.451171875 0.5271689279606704
12620.0 0.5269089453823924
12623.4521484375 0.5263294296764056
12628.4541015625 0.525490830005322
12630.0 0.5252640204055089
12633.455078125 0.5247570605656182
12638.45703125 0.5241002017334352
12640.0 0.5238624499051208
12643.4580078125 0.5234803675685293
12648.458984375 0.5230851674785374
12650.0 0.5230334109229228
12653.4609375 0.522766401444605
12658.4619140625 0.5223481767601897
12660.0 0.5222694920030952
12663.462890625 0.5220923214844051
12668.46484375 0.5220208409809132
12670.0 0.5220222299119586
12673.4658203125 0.5220253611074798
12678.466796875 0.5222826630700024
12680.0 0.5223590197376582
12683.46875 0.5226827038735925
12688.4697265625 0.5231534489132572
12690.0 0.5233330802602857
12693.470703125 0.5235894190535778
12698.47265625 0.5240152079438606
12700.0 0.5241402404337959
12703.4736328125 0.5244246169673746
12708.4755859375 0.5248834070912491
12710.0 0.5250872252203101
12713.4765625 0.5255520790940036
12718.4775390625 0.5263780976814326
12720.0 0.5266144777683324
12723.48046875 0.5273075255770688
12728.4814453125 0.5283799738486199
12730.0 0.5287639041951894
12733.482421875 0.5294914359283689
12738.484375 0.53047273188026
12740.0 0.530752021760387
12743.4853515625 0.5313943214519896
12748.486328125 0.5322661319755322
12750.0 0.532497096097924
12753.48828125 0.5330293897103972
12758.4892578125 0.5338032006417726
12760.0 0.5340356447499801
12763.490234375 0.534572688610206
12768.4921875 0.5351293116849078
12770.0 0.5353252995938846
12773.4931640625 0.5359349562448128
12778.4951171875 0.5368593631898871
12780.0 0.5370854207257759
12783.49609375 0.5374546950740479
12788.4970703125 0.5380038657394014
12790.0 0.5381749764447216
12793.4990234375 0.5385733686933065
12798.5 0.5389578427206916
12800.0 0.5390865031383971
12803.5009765625 0.5393556162555625
12808.5029296875 0.5399246376971244
12810.0 0.5399808326165946
12813.50390625 0.5402695445967372
12818.5048828125 0.5405986633366714
12820.0 0.5407107121035662
12823.5068359375 0.540816167050744
12828.5078125 0.5408664804282153
12830.0 0.5408539305727399
12833.5087890625 0.5408244175019408
12838.5107421875 0.5408191380563508
12840.0 0.5408016898043815
12843.51171875 0.5407605435476168
12848.513671875 0.5406376124378258
12850.0 0.5406002542084487
12853.5146484375 0.5406695536499054
12858.515625 0.540681137157316
12860.0 0.54068895307075
12863.517578125 0.5405497630258549
12868.5185546875 0.5403474688041695
12870.0 0.5402653620619918
12873.51953125 0.5400702967747082
12878.5224609375 0.5397370069173918
12880.0 0.5396426027716785
12883.5234375 0.5394174798723179
12888.5244140625 0.5389229528302906
12890.0 0.5387962144718639
12893.5263671875 0.5386507983820059
12898.52734375 0.538387472073562
12900.0 0.5382670483334222
12903.5283203125 0.5378211198185935
12908.5302734375 0.5369885942968161
12910.0 0.5368029925609589
12913.53125 0.536357057255679
12918.533203125 0.535536688962998
12920.0 0.5353181888777581
12923.5341796875 0.5347917261023081
12928.53515625 0.5340534411143013
12930.0 0.5337636716813701
12933.537109375 0.5332201832371699
12938.5380859375 0.5324949996631091
12940.0 0.5322893127951364
12943.5390625 0.531635370207732
12948.541015625 0.5306148659130596
12950.0 0.5302930227124673
12953.5419921875 0.5295116867881208
12958.54296875 0.528362207935881
12960.0 0.5280387980808131
12963.544921875 0.5272519561149667
12968.5458984375 0.526172490050407
12970.0 0.5258649514719822
12973.5478515625 0.525114596386748
12978.548828125 0.5241233575619431
12980.0 0.5238139970027846
12983.5498046875 0.5232109681407965
12988.5517578125 0.5223077283292807
12990.0 0.5220737702671091
12993.552734375 0.5213463357307403
12998.5537109375 0.5204712880671295
13000.0 0.5201919625491631
13003.5556640625 0.5195681666301991
13008.556640625 0.5187984971393418
13010.0 0.5186049735045656
13013.5576171875 0.5181278920480387
13018.5595703125 0.5176005540428724
13020.0 0.5174465572808925
13023.560546875 0.517218117150912
13028.5615234375 0.5171983250371351
13030.0 0.5171965972636761
13033.564453125 0.5170399025093254
13038.5654296875 0.5168922463741497
13040.0 0.516929148159818
13043.5673828125 0.5170209216176037
13048.568359375 0.5171617564693903
13050.0 0.5172524081241286
13053.5693359375 0.5174784489419026
13058.5712890625 0.5179169216081649
13060.0 0.5180655756907513
13063.572265625 0.5184373147416438
13068.5732421875 0.5191631097918943
13070.0 0.5193870714737963
13073.5751953125 0.5201019800042597
13078.576171875 0.5212019629993798
13080.0 0.5215503317938927
13083.5771484375 0.5222716990923707
13088.5791015625 0.5233403121412479
13090.0 0.5236609785778249
13093.580078125 0.524469047625606
13098.5810546875 0.5257172732012544
13100.0 0.5260893652226014
13103.5830078125 0.5270290850295146
13108.583984375 0.5283806163547057
13110.0 0.5287717800141962
13113.5859375 0.529762518912151
13118.5869140625 0.5310716654486709
13120.0 0.531457003174764
13123.587890625 0.5325932968887535
13128.58984375 0.5341196176756959
13130.0 0.5345306992142672
13133.5908203125 0.5354193405416589
13138.591796875 0.5366850565423135
13140.0 0.5370159746354549
13143.59375 0.5378606087282367
13148.5947265625 0.5389737705880409
13150.0 0.5392440018233361
13153.595703125 0.539935551471528
13158.59765625 0.540933771145342
13160.0 0.5411925343766056
13163.5986328125 0.5420175539671462
13168.599609375 0.5431461044070143
13170.0 0.5434407599867699
13173.6015625 0.5440373577224685
13178.6025390625 0.544766523431846
13180.0 0.544940091119465
13183.60546875 0.54538796286916
13188.6064453125 0.546071329253029
13190.0 0.5462302961486113
13193.607421875 0.5466418643212991
13198.609375 0.5470600168540365
13200.0 0.5471626857003555
13203.6103515625 0.5473880919805013
13208.611328125 0.5475778413604986
13210.0 0.5475977407809337
13213.61328125 0.5478126423082733
13218.6142578125 0.5481647790321491
13220.0 0.5481995070627844
13223.615234375 0.5481268559522869
13228.6171875 0.5481618112102
13230.0 0.5481646990403112
13233.6181640625 0.5481722547345105
13238.6201171875 0.5481575864007374
13240.0 0.5481738434169853
13243.62109375 0.5482165066354026
13248.6220703125 0.5483105438838443
13250.0 0.5483370845393252
13253.6240234375 0.5484068907284927
13258.625 0.5483297502124781
13260.0 0.5483108505902982
13263.6259765625 0.5482610074261276
13268.6279296875 0.5481158063778415
13270.0 0.5480701549987976
13273.62890625 0.5481132086280257
13278.6298828125 0.548022818358385
13280.0 0.5479993912116505
13283.6318359375 0.5477734396250565
13288.6328125 0.5475644025439848
13290.0 0.5474812998708775
13293.6337890625 0.5472604122079942
13298.6357421875 0.5470133936534581
13300.0 0.5469284772065792
13303.63671875 0.5467021014718028
13308.638671875 0.5464834241811911
13310.0 0.5463606680916646
13313.6396484375 0.5460324488910161
13318.640625 0.5454284076670297
13320.0 0.5452672616316987
13323.642578125 0.5449987613362427
13328.6435546875 0.5445742313121008
13330.0 0.5443921162887088
13333.64453125 0.5437395460226154
13338.6474609375 0.5429317653407496
13340.0 0.5426680702817626
13343.6484375 0.5419567211019312
13348.6494140625 0.540774686747099
13350.0 0.5404887221254121
13353.6513671875 0.5397155622545902
13358.65234375 0.5385892101056385
13360.0 0.5382746575961287
13363.6533203125 0.5374219003072374
13368.6552734375 0.5362617829969971
13370.0 0.5359278417556098
13373.65625 0.535019821379017
13378.658203125 0.533842649659616
13380.0 0.5335092280553433
13383.6591796875 0.5327601902360767
13388.66015625 0.5317544629433822
13390.0 0.5315034885687427
13393.662109375 0.5306574333877333
13398.6630859375 0.5296276936233297
13400.0 0.5293458050403015
13403.6640625 0.5284679424863465
13408.666015625 0.5271934723953025
13410.0 0.5268727232283893
13413.6669921875 0.5259911899089206
13418.66796875 0.5248653951885959
13420.0 0.5245796883741223
13423.669921875 0.5237926825815569
13428.6708984375 0.522700774725118
13430.0 0.5224597000958086
13433.671875 0.5217938171670864
13438.673828125 0.5210655071618835
13440.0 0.5209465322003553
13443.6748046875 0.520774119282289
13448.6767578125 0.5205951710102619
13450.0 0.5205576997094388
13453.677734375 0.5202963764087551
13458.6787109375 0.51994061491792
13460.0 0.5198376315695042
13463.6806640625 0.5195507998785653
13468.681640625 0.5194980119630627
13470.0 0.5195391718635689
13473.6826171875 0.5196541023041915
13478.6845703125 0.5200183366860979
13480.0 0.5200616885743607
13483.685546875 0.5201831067442424
13488.6865234375 0.5203638777459937
13490.0 0.5204478070680526
13493.689453125 0.5206834885064623
13498.6904296875 0.5212540271148924
13500.0 0.521407865088734
13503.6923828125 0.5219743828655373
13508.693359375 0.5226972426920878
13510.0 0.5229356992369282
13513.6943359375 0.5234513132235242
13518.6962890625 0.5240896914899371
13520.0 0.524226978824858
13523.697265625 0.5246161838866611
13528.6982421875 0.525243771120155
13530.0 0.5254476386691144
13533.7001953125 0.5260269341320543
13538.701171875 0.527001254739383
13540.0 0.5271681174557002
13543.7021484375 0.5276435783978197
13548.7041015625 0.5280782964751064
13550.0 0.5282960708730998
13553.705078125 0.5289185028409034
13558.7060546875 0.5296151592051268
13560.0 0.5298392034166298
13563.7080078125 0.5304810296961898
13568.708984375 0.5309825644237811
13570.0 0.531133926719002
13573.7109375 0.5317306882974845
13578.7119140625 0.5326268621233876
13580.0 0.5327975220014908
13583.712890625 0.5331272055066659
13588.71484375 0.5338039510525413
13590.0 0.5339536518838155
13593.7158203125 0.5343863384587881
13598.716796875 0.5348082367617616
13600.0 0.5349763032872411
13603.71875 0.5350874847705411
13608.7197265625 0.5351718781288007
13610.0 0.5351489805407803
13613.720703125 0.53508204420983
13618.72265625 0.5348682919683456
13620.0 0.5348494712810354
13623.7236328125 0.5347941988174578
13628.724609375 0.5347769383047941
13630.0 0.5347602149636215
13633.7265625 0.5347109344564691
13638.7275390625 0.5346846305940252
13640.0 0.53466145466762
13643.73046875 0.5345931151341249
13648.7314453125 0.5343421709420946
13650.0 0.5343191837960048
13653.732421875 0.5344145883200492
13658.734375 0.5344323330991962
13660.0 0.5344787081833472
13663.7353515625 0.5344516287168417
13668.736328125 0.5341977900615319
13670.0 0.5341393261785096
13673.73828125 0.5339661056889816
13678.7392578125 0.5336018760839942
13680.0 0.5335086111326741
13683.740234375 0.5332317823253877
13688.7421875 0.533003748748071
13690.0 0.532933036531948
13693.7431640625 0.5327223782345092
13698.7451171875 0.5323241605976553
13700.0 0.5322035326914442
13703.74609375 0.5318433948052141
13708.7470703125 0.5312406991344583
13710.0 0.5310958369153156
13713.7490234375 0.5306624330295469
13718.75 0.5301940641726358
13720.0 0.5300857484195212
13723.7509765625 0.5297606347519054
13728.7529296875 0.5291652294647203
13730.0 0.5290048745706357
13733.75390625 0.5285222928115255
13738.7548828125 0.5278242956147416
13740.0 0.5276334695355456
13743.7568359375 0.5272201065202006
13748.7578125 0.5265583115021829
13750.0 0.5263839572898342
13753.7587890625 0.5256947572711291
13758.7607421875 0.5246731603855398
13760.0 0.5244169265686919
13763.76171875 0.5236396267439555
13768.763671875 0.5228286716724929
13770.0 0.5224936849778391
13773.7646484375 0.5214744368587906
13778.765625 0.5204166853318102
13780.0 0.5200759828445412
13783.767578125 0.5190369073621955
13788.7685546875 0.5177024559146853
13790.0 0.5173335369493378
13793.76953125 0.5162051902077321
13798.7724609375 0.5144563907520295
13800.0 0.5139973978384784
13803.7734375 0.5126997054032004
13808.7744140625 0.5107295483567744
13810.0 0.5102598261861976
13813.7763671875 0.5088136345724997
13818.77734375 0.5067019945157422
13820.0 0.5061875441950162
13823.7783203125 0.504599054331684
13828.7802734375 0.5024541704222897
13830.0 0.501942756677948
13833.78125 0.5011103442788268
13838.783203125 0.5000069149644379
13840.0 0.499728443041307
13843.7841796875 0.49886122935929605
13848.78515625 0.49762262119273165
13850.0 0.4973751043677101
13853.787109375 0.4967563324436858
13858.7880859375 0.4962376883651922
13860.0 0.49617875066790873
13863.7890625 0.4958400721833249
13868.791015625 0.495723984993393
13870.0 0.49573028823337534
13873.7919921875 0.4957497746388628
13878.79296875 0.49584449094245936
13880.0 0.49603910174762084
13883.794921875 0.49665127033025186
13888.7958984375 0.4977194058862866
13890.0 0.49806377819519726
13893.7978515625 0.499150744287639
13898.798828125 0.5009782596518159
13900.0 0.5014399612685382
13903.7998046875 0.5029016689506096
13908.8017578125 0.5048940323716696
13910.0 0.5052988720182001
13913.802734375 0.5065846437269517
13918.8037109375 0.5079807108961671
13920.0 0.5081136308643767
13923.8056640625 0.5085365920770435
13928.806640625 0.5078938922717522
13930.0 0.507346731389581
13933.8076171875 0.5055988751363528
13938.8095703125 0.5011626900212875
13940.0 0.4996281201006778
13943.810546875 0.4947107981765739
13948.8115234375 0.48592767549096494
13950.0 0.48334156656320876
13953.814453125 0.4750328280550258
13958.8154296875 0.46126016220719185
13960.0 0.457406298601424
13963.8173828125 0.4449742817199762
13968.818359375 0.42618163807533943
13970.0 0.42111567391876076
13973.8193359375 0.40472482625049006
13978.8212890625 0.38190662920235585
13980.0 0.37559535756821943
13983.822265625 0.3551089961523205
13988.8232421875 0.3275502827822942
13990.0 0.32086153347680435
13993.8251953125 0.2990972449317134
13998.826171875 0.2713464048930128
14000.0 0.2650878498462463
14003.8271484375 0.2445705616520501
14008.8291015625 0.2173102147848307
14010.0 0.2112546434743661
14013.830078125 0.1914366264865711
14018.8310546875 0.16660191737972563
14020.0 0.1612511389359731
14023.8330078125 0.14369702396510634
14028.833984375 0.12370861519081659
14030.0 0.11954787042898896
14033.8359375 0.1058531078779551
14038.8369140625 0.09087170557247173
14040.0 0.08789763318129645
14043.837890625 0.07807905893471627
14048.83984375 0.06735029716447065
14050.0 0.06517863556166294
14053.8408203125 0.05798554343803187
14058.841796875 0.04994435411809826
14060.0 0.048326241254847926
14063.84375 0.04295351065100374
14068.8447265625 0.03675947858663999
14070.0 0.03554141115522604
14073.845703125 0.03149456352572726
14078.84765625 0.026861778891160714
14080.0 0.025974108560940345
14083.8486328125 0.02299951812032691
14088.8505859375 0.02012916428469507
14090.0 0.019469652655327477
14093.8515625 0.017258604212236416
14098.8525390625 0.015092090159416309
14100.0 0.014668223847982966
14103.85546875 0.01324332651181933
14108.8564453125 0.011829610827548971
14110.0 0.011449934968091754
14113.857421875 0.010168583541472386
14118.859375 0.008984617926598541
14120.0 0.008753981222858585
14123.8603515625 0.00797302358654146
14128.861328125 0.007057102154281925
14130.0 0.006873964503034879
14133.86328125 0.006252308203183364
14138.8642578125 0.00553165441039304
14140.0 0.005386109492104115
14143.865234375 0.004890536207200832
14148.8671875 0.004236762001700192
14150.0 0.004149727658487157
14153.8681640625 0.0038523883404631277
14158.8701171875 0.0035858786427713277
14160.0 0.003535426573293679
14163.87109375 0.003362486991517299
14168.8720703125 0.0028671633814734095
14170.0 0.002787050063488524
14173.8740234375 0.002511754475130873
14178.875 0.0022557675506342627
14180.0 0.002204524363894659
14183.8759765625 0.0020278884372886817
14188.8779296875 0.00182230728670248
14190.0 0.0017817532600906236
14193.87890625 0.0016409719657250166
14198.8798828125 0.0014706061476262567
14200.0 0.0014279588343303724
14203.8818359375 0.0012801042050548375
14208.8828125 0.0010406715581805438
14210.0 0.0009973359280021465
14213.8837890625 0.0008466785617309791
14218.8857421875 0.0009895950853673668
14220.0 0.0009841925108162652
14223.88671875 0.000965346732881559
14228.888671875 0.000959565923874577
14230.0 0.0009509349396836565
14233.8896484375 0.0009207253989982281
14238.890625 0.000662123217947692
14240.0 0.0006453251269626316
14243.892578125 0.0005863818147870314
14248.8935546875 0.0005438903253229514
14250.0 0.0005318337154778808
14253.89453125 0.0004893946244957043
14258.8974609375 0.00044055716643550736
14260.0 0.0004326052482480302
14263.8984375 0.0004044872687022817
14268.8994140625 0.0003754754772002162
14270.0 0.0003681640345083764
14273.9013671875 0.00034224543446279156
14280.0 0.0003300994136513618
14290.0 0.00031018112336551
14300.0 0.0002902599596292638
14310.0 0.0002703359282691409
14320.0 0.0002504090351138699
14330.0 0.00023047928599439054
14340.0 0.00021054668674385266
14350.0 0.0001906112431976167
14360.0 0.0001706729611932526
14370.0 0.00015073184657054045
14380.0 0.0001307879051714695
14383.9306640625 0.00012294783914996066
14390.0 0.00011242613348326189
14400.0 9.501056993678493e-05
14403.935546875 8.818552777296892e-05
14410.0 8.104378256990152e-05
14420.0 6.926963147449293e-05
14423.9423828125 6.462858167324919e-05
14430.0 5.951394820601415e-05
14440.0 5.107225550448893e-05
14443.947265625 4.774064959652158e-05
14450.0 4.4042776148194905e-05
14460.0 3.793452034086226e-05
14463.9521484375 3.5520849201831405e-05
14470.0 3.22658960148644e-05
14480.0 2.6884929198835692e-05
14483.9580078125 2.475549386030059e-05
14490.0 2.690797521582196e-05
14500.0 3.046982417435682e-05
14503.962890625 3.187667975942903e-05
14510.0 2.6799079580968614e-05
14520.0 1.8409843904402528e-05
14523.96875 1.507874689181242e-05
14530.0 1.4384626052137267e-05
14540.0 1.3233108168783955e-05
14543.9736328125 1.2775314172246778e-05
14550.0 1.3255231361935414e-05
14560.0 1.4052035398679204e-05
14563.98046875 1.4369354147602546e-05
14570.0 1.2751847433765802e-05
14580.0 1.0055010786228426e-05
14583.9853515625 8.983867646460863e-06
14590.0 9.26670123777538e-06
14600.0 9.737202694906585e-06
14603.9912109375 9.924640603084939e-06
14610.0 9.134382449686855e-06
14620.0 7.818713966832594e-06
14623.99609375 7.292786497848048e-06
14630.0 6.92165671960103e-06
14640.0 6.303275371860312e-06
14644.0009765625 6.053794406202715e-06
14650.0 5.844668754220553e-06
14660.0 5.500902998809509e-06
14664.0068359375 5.363116011155113e-06
14670.0 4.628469977247818e-06
14680.0 3.4022006445200943e-06
14684.01171875 2.910093261204428e-06
14690.0 2.9318286113621e-06
14700.0 2.9681384875511978e-06
14704.017578125 2.9817480074679615e-06
14710.0 3.034584908675099e-06
14720.0 3.125385736303154e-06
14724.0234375 3.1619308438609513e-06
14730.0 2.930362455815288e-06
14740.0 2.542755619069268e-06
14744.029296875 2.3865256596107234e-06
14750.0 1.843149470679621e-06
14760.0 9.319707955119091e-07
14764.0341796875 5.648742562300175e-07
14770.0 1.1975430385255878e-06
14780.0 2.2584302767781717e-06
14784.0390625 2.6870706386125747e-06
14790.0 2.2125413236303e-06
14800.0 1.415013844198285e-06
14804.044921875 1.093004849646422e-06
14810.0 1.2618420746509578e-06
14820.0 1.545420799168541e-06
14824.0498046875 1.6602862678249841e-06
14830.0 1.261280127586404e-06
14840.0 5.900744046435681e-07
14844.0556640625 3.182253022697288e-07
14850.0 3.868108755733667e-07
14860.0 5.022152116346541e-07
14864.060546875 5.490844998677579e-07
14870.0 8.518412221496942e-07
14880.0 1.3605675541711417e-06
14884.0673828125 1.567810194167895e-06
14890.0 1.2682709380100698e-06
14900.0 7.632608630595684e-07
14904.072265625 5.575686250076711e-07
14910.0 4.5567020026922496e-07
14920.0 2.834987473231906e-07
14924.078125 2.134249513418215e-07
14930.0 3.9315106101918787e-07
14940.0 6.967108343911952e-07
14944.0830078125 8.206778116566574e-07
14950.0 1.3094781982505623e-06
14960.0 2.133988769921557e-06
14964.087890625 2.4715443575836674e-06
14970.0 2.421809913922545e-06
14980.0 2.337668910738037e-06
14990.0 2.25164588692383e-06
15000.0 2.1675291467999066e-06
15010.0 2.082392029758817e-06
15020.0 1.9956642639806328e-06
15024.10546875 1.9607812936649125e-06
15030.0 1.85428096870154e-06
15040.0 1.6737035946965595e-06
15044.1103515625 1.5989727289772092e-06
15050.0 1.1588807998376842e-06
15060.0 4.133833334706163e-07
15064.1162109375 1.0667078605393093e-07
15070.0 2.6534500966304943e-07
15080.0 5.344345640439848e-07
15084.12109375 6.453650468729306e-07
15090.0 8.520759506390373e-07
15100.0 1.2034970188373825e-06
15104.1259765625 1.3479609947501351e-06
15110.0 1.1954214827576316e-06
15120.0 9.369947963890508e-07
15124.1318359375 8.302693665008326e-07
15130.0 8.351041683536888e-07
15140.0 8.426398211159767e-07
15144.13671875 8.4604162507519e-07
15150.0 9.46396216113048e-07
15160.0 1.1174596941320772e-06
15164.142578125 1.187881129040617e-06
15170.0 1.5079585656265854e-06
15180.0 2.0550902206636187e-06
15184.1484375 2.2811672530717e-06
15190.0 2.064399759511128e-06
15200.0 1.696052166598846e-06
15210.0 1.3278502850695422e-06
15220.0 9.591669263589492e-07
15224.1591796875 8.063765142052395e-07
15230.0 8.132213611287649e-07
15240.0 8.242465359847889e-07
15244.1650390625 8.291170746171241e-07
15250.0 7.516523710193998e-07
15260.0 6.189829566903443e-07
15264.169921875 5.634989234184928e-07
15270.0 9.359827906593763e-07
15280.0 1.574916940493528e-06
15284.1748046875 1.8408567744619073e-06
15290.0 1.8113317265788958e-06
15300.0 1.7622129329697392e-06
15304.1806640625 1.7410835953473795e-06
15310.0 1.7590878530248205e-06
15320.0 1.7914556454279243e-06
15330.0 1.822274005687465e-06
15340.0 1.8545583328477547e-06
15350.0 1.8852395889186697e-06
15360.0 1.9174405997424274e-06
15364.197265625 1.9309478266837856e-06
15370.0 1.6690442529684715e-06
15380.0 1.2169881474213583e-06
15384.203125 1.0276850969337889e-06
15390.0 1.1193544522900368e-06
15400.0 1.2763145687478925e-06
15404.2080078125 1.3427456302339232e-06
15410.0 1.5153898792379855e-06
15420.0 1.8117677511259644e-06
15424.212890625 1.9370950893186427e-06
15430.0 1.7353462383759172e-06
15440.0 1.3857753954185822e-06
15444.21875 1.2389924931483084e-06
15450.0 1.1678066773988293e-06
15460.0 1.043872321648129e-06
15464.2236328125 9.916168746809475e-07
15470.0 1.0673400844460953e-06
15480.0 1.1991845834235867e-06
15484.23046875 1.2544850741049782e-06
15490.0 1.2470978046160174e-06
15500.0 1.2353543153805802e-06
15504.2353515625 1.230085104091067e-06
15510.0 1.0880984584104797e-06
15520.0 8.428697131170189e-07
15524.2412109375 7.386159200846967e-07
15530.0 7.145964984601373e-07
15540.0 6.73515991098413e-07
15550.0 6.319122834704921e-07
15560.0 5.903867616934491e-07
15564.251953125 5.729594315383595e-07
15570.0 6.181988918745343e-07
15580.0 6.96301522982994e-07
15584.2568359375 7.297651142173983e-07
15590.0 7.559386700695781e-07
15600.0 8.008277540970472e-07
15604.26171875 8.202083752597398e-07
15610.0 7.258223797283615e-07
15620.0 5.609059956624597e-07
15624.267578125 4.906276770043561e-07
15630.0 5.264546483683794e-07
15640.0 5.893520274492267e-07
15650.0 6.516768438248369e-07
15660.0 7.138745643113081e-07
15664.279296875 7.407206338817487e-07
15670.0 7.435935856097371e-07
15680.0 7.479799072494464e-07
15684.2841796875 7.50128522636998e-07
15690.0 6.788697845922401e-07
15700.0 5.537626120524676e-07
15704.2900390625 5.001685428937186e-07
15710.0 6.884111437703447e-07
15720.0 1.0184244368287084e-06
15724.294921875 1.1597058052990652e-06
15730.0 8.980990228881265e-07
15740.0 4.4027768318288594e-07
15744.30078125 2.437535353868732e-07
15750.0 3.114198726192577e-07
15760.0 4.2975223952956194e-07
15770.0 5.478434225771129e-07
15780.0 6.656936216302302e-07
15784.310546875 7.166827595683297e-07
15790.0 7.110263451624805e-07
15800.0 7.0048873433999e-07
15804.3173828125 6.959574072254421e-07
15810.0 6.536310885830012e-07
15820.0 5.797563261769079e-07
15830.0 5.054677069363005e-07
15840.0 4.313237590013276e-07
15844.328125 3.992782139930827e-07
15850.0 5.827057189479516e-07
15860.0 9.06382356062679e-07
15864.3330078125 1.046217846663694e-06
15870.0 9.047286853149657e-07
15880.0 6.554394018870681e-07
15890.0 4.06639116997547e-07
15900.0 1.5846370836404701e-07
15904.34375 5.0663012763054745e-08
15910.0 1.3812435602621294e-07
15920.0 2.9251353003383585e-07
15924.3486328125 3.595566507999325e-07
15930.0 3.8895863788767416e-07
15940.0 4.409040779183373e-07
15944.35546875 4.6367056423093406e-07
15950.0 3.718941173875974e-07
15960.0 2.0915205846649224e-07
15964.3603515625 1.3829131063138513e-07
15970.0 3.7346476230109467e-07
15980.0 7.898196409125138e-07
15984.3662109375 9.71350244503525e-07
15990.0 9.700985142579854e-07
16000.0 9.687167300715792e-07
16004.37109375 9.677636607776031e-07
16010.0 7.714375329423761e-07
16020.0 4.2317301524808793e-07
16024.376953125 2.7094755775712184e-07
16030.0 6.721960511397753e-07
16040.0 1.3847113784674127e-06
16044.3818359375 1.6964952027880851e-06
16050.0 1.5572949060624143e-06
16060.0 1.3110327501041864e-06
16070.0 1.0638877737457167e-06
16080.0 8.172130463054691e-07
16084.392578125 7.090077983576005e-07
16090.0 7.281434894411829e-07
16100.0 7.622171858879855e-07
16104.3984375 7.771832451093916e-07
16110.0 7.293257058220755e-07
16120.0 6.440163517440911e-07
16130.0 5.588695569725679e-07
16140.0 4.738851712435164e-07
16150.0 3.890632365749221e-07
16160.0 3.046705271583152e-07
16164.4150390625 2.673120913645921e-07
16170.0 3.5058789410612487e-07
16180.0 4.994708870360053e-07
16184.419921875 5.651843537812812e-07
16190.0 6.302128443090552e-07
16200.0 7.465737012418551e-07
16204.42578125 7.979355969582453e-07
16210.0 8.41358637234164e-07
16220.0 9.191176950939546e-07
16224.4306640625 9.535122980124391e-07
16230.0 8.607284454016045e-07
16240.0 6.944278065573332e-07
16244.435546875 6.207865189028639e-07
16250.0 7.089725759158742e-07
16260.0 8.671681491175474e-07
16264.4423828125 9.373271100023485e-07
16270.0 9.64268437241228e-07
16280.0 1.0126560865905592e-06
16284.447265625 1.0341387639146502e-06
16290.0 9.50364297596045e-07
16300.0 7.997633101470061e-07
16304.453125 7.328102741679424e-07
16310.0 6.443951717885342e-07
16320.0 4.852847001797534e-07
16324.4580078125 4.1447149708085486e-07
16330.0 3.1766335762000207e-07
16340.0 1.4329635925360446e-07
16344.4638671875 6.559168450635922e-08
16350.0 3.146103917035673e-07
16360.0 7.636049874641581e-07
16364.46875 9.635277806037684e-07
16370.0 9.449619574513616e-07
16380.0 9.123134839858171e-07
16384.474609375 8.977285678223824e-07
16390.0 1.0142440836854285e-06
16400.0 1.2247338166815002e-06
16410.0 1.4355765182990884e-06
16420.0 1.6461735932854654e-06
16424.484375 1.7405333767701713e-06
16430.0 1.4568278826104574e-06
16440.0 9.429223846296716e-07
16444.490234375 7.123603735167756e-07
16450.0 6.258153089297123e-07
16460.0 4.6845866022450853e-07
16464.49609375 3.980220502225098e-07
16470.0 4.84185648197344e-07
16480.0 6.405931701472833e-07
16490.0 7.968166120900682e-07
16500.0 9.528557084184914e-07
16504.5078125 1.0231348925918843e-06
16510.0 8.576989312676525e-07
16520.0 5.567521870543895e-07
16524.513671875 4.2085845766036005e-07
16530.0 4.0030293244510597e-07
16540.0 3.632511700831291e-07
16550.0 3.262428456188039e-07
16560.0 2.892779592804674e-07
16570.0 2.523566526763174e-07
16580.0 2.1528250703732553e-07
16584.529296875 1.9860902072698077e-07
16590.0 3.5174277155425357e-07
16600.0 6.31399104926995e-07
16604.533203125 7.571933037464652e-07
16610.0 5.933133636664885e-07
16620.0 2.94713322870122e-07
16624.5390625 1.6003761704533403e-07
16630.0 3.127616621774903e-07
16640.0 5.910690901666438e-07
16644.544921875 7.169777722428033e-07
16650.0 6.309073673078121e-07
16660.0 4.734506430371252e-07
16664.55078125 4.0238410007734944e-07
16670.0 3.4915755802654005e-07
16680.0 2.519519577119956e-07
16690.0 1.552122362038995e-07
16700.0 5.931209158996993e-08
16704.5625 1.575887949324247e-08
16710.0 1.1835408220232776e-07
16720.0 3.0582718898829946e-07
16724.56640625 3.910879869846375e-07
16730.0 3.098446391680963e-07
16740.0 1.610538186353986e-07
16744.572265625 9.329743288616952e-08
16750.0 9.098648297690443e-08
16760.0 8.683509226435307e-08
16770.0 8.27089332491027e-08
16780.0 7.853452330217788e-08
16784.58203125 7.666552200082441e-08
16790.0 3.253070143346589e-07
16800.0 7.812255494893837e-07
16804.58984375 9.89661236772228e-07
16810.0 7.948946694632659e-07
16820.0 4.3664191982103983e-07
16824.59375 2.7271142183717907e-07
16830.0 3.1775094598003886e-07
16840.0 4.009042734882232e-07
16850.0 4.83066617316044e-07
16860.0 5.65072990589547e-07
16864.60546875 6.023994695217277e-07
16870.0 7.16765837262077e-07
16880.0 9.282830779811e-07
16884.611328125 1.0253590434616661e-06
16890.0 9.771708673548291e-07
16900.0 8.873337073308685e-07
16910.0 7.989806703989852e-07
16920.0 7.105073499055102e-07
16924.62109375 6.701615260102842e-07
16930.0 1.033287707052979e-06
16940.0 1.7033830310355468e-06
16944.626953125 2.012408765785341e-06
16950.0 1.957397063078799e-06
16960.0 1.8537241593242387e-06
16970.0 1.7508742738834412e-06
16980.0 1.6504299205524518e-06
16990.0 1.5491232324040573e-06
17000.0 1.4500284377197832e-06
17004.642578125 1.403111670155448e-06
17010.0 1.164641666260052e-06
17020.0 7.23605304146161e-07
17024.6484375 5.195676681816445e-07
17030.0 4.587783956493982e-07
17040.0 3.4604943333111514e-07
17044.654296875 2.9409709040294495e-07
17050.0 3.7637448666893055e-07
17060.0 5.28802431922585e-07
17064.66015625 5.995754285356398e-07
17070.0 5.676099283860004e-07
17080.0 5.076174860794542e-07
17090.0 4.482139943652225e-07
17100.0 3.897784340587571e-07
17110.0 3.3148931301729303e-07
17120.0 2.7378236093514295e-07
17130.0 2.168684324302954e-07
17140.0 1.602633563795892e-07
17144.681640625 1.3396078826139078e-07
17150.0 1.7611466707739565e-07
17160.0 2.5499598688728813e-07
17170.0 3.328810963380999e-07
17180.0 4.099472565349609e-07
17184.69140625 4.4602853946883827e-07
17190.0 3.931443523005496e-07
17200.0 2.938671261794987e-07
17204.697265625 2.4664772674717916e-07
17210.0 2.6788241784654513e-07
17220.0 3.0704843067033754e-07
17224.703125 3.2522605247753794e-07
17230.0 3.7933496791214407e-07
17240.0 4.789559557392806e-07
17244.708984375 5.248722259093499e-07
17250.0 5.251524486621518e-07
17260.0 5.255381510233543e-07
17264.71484375 5.256549744900672e-07
17270.0 4.5438167858262486e-07
17280.0 3.2264262296177623e-07
17290.0 1.9408191733139383e-07
17300.0 6.913555362080368e-08
17304.724609375 1.1354184981675309e-08
17310.0 3.1958853578159005e-08
17320.0 7.012964511920317e-08
17324.73046875 8.778312381291776e-08
17330.0 7.703904850903585e-08
17340.0 5.70950237420853e-08
17350.0 3.7769505868980376e-08
17360.0 1.8962483513999306e-08
17364.740234375 1.0247999956863825e-08
17370.0 6.648492437391353e-08
17380.0 1.7081533301725443e-07
17384.74609375 2.191492447751257e-07
17390.0 5.120438894611426e-07
17400.0 1.055649136506921e-06
17404.751953125 1.2988391816375766e-06
17410.0 1.1287872370767531e-06
17420.0 8.184227713107421e-07
17424.7578125 6.770211197594365e-07
17430.0 5.329422536561806e-07
17440.0 2.7089381466509247e-07
17444.763671875 1.5194005277224655e-07
17450.0 1.7450452641919797e-07
17460.0 2.1503653078011362e-07
17470.0 2.522276748184735e-07
17480.0 2.861013589626493e-07
17484.7734375 3.011078125079068e-07
17490.0 2.572510474991131e-07
17500.0 1.7776410503077553e-07
17504.779296875 1.4181779100948348e-07
17510.0 1.1966350778164983e-07
17520.0 7.963366463463407e-08
17524.78515625 6.15916843730745e-08
17530.0 8.677959893563925e-08
17540.0 1.3147004820943172e-07
17544.7890625 1.5120014619720494e-07
17550.0 1.5722966252855126e-07
17560.0 1.673522109025927e-07
17564.796875 1.7153533918726738e-07
17570.0 1.3223971512699962e-07
17580.0 6.238560158807068e-08
17584.80078125 3.148697427271489e-08
17590.0 6.790749694572913e-08
17600.0 1.309906272809456e-07
17604.806640625 1.6028558863755264e-07
17610.0 1.5382509931610518e-07
17620.0 1.4178093326434063e-07
17624.8125 1.3616953012916723e-07
17630.0 1.8666683561333025e-07
17640.0 2.7712814603676006e-07
17644.81640625 3.174793272831999e-07
17650.0 2.787764675434341e-07
17660.0 2.0828017634868724e-07
17664.822265625 1.7648893967031414e-07
17670.0 1.435185738375771e-07
17680.0 8.421734003577042e-08
17684.828125 5.76401497072526e-08
17690.0 5.390365096982345e-08
17700.0 4.698805482872592e-08
17704.833984375 4.38433891201792e-08
17710.0 7.777268653661639e-08
17720.0 1.3673185199469975e-07
17724.83984375 1.6210101680495111e-07
17730.0 1.6325168596468273e-07
17740.0 1.638012436551352e-07
17750.0 1.625715602440632e-07
17760.0 1.5939611481441124e-07
17764.849609375 1.5716000375153871e-07
17770.0 1.397057404005499e-07
17780.0 1.0862843293808058e-07
17790.0 8.155339003654328e-08
17800.0 5.82948905225312e-08
17810.0 4.354479782617774e-08
17820.0 2.989080789872196e-08
17824.865234375 2.3604950807599205e-08
17830.0 2.1470190990957875e-08
17840.0 1.7552080553138792e-08
17844.87109375 1.5744703932022328e-08
17850.0 3.6072124380257906e-08
17860.0 7.26764036309244e-08
17864.876953125 8.914461230753983e-08
17870.0 8.084310727409245e-08
17880.0 6.55078296523036e-08
17884.8828125 5.851676273900313e-08
17890.0 4.2611604469649777e-08
17900.0 1.3980116163495648e-08
17904.888671875 1.1875881771568526e-09
17910.0 1.1518482406746164e-09
17920.0 1.080388151685343e-09
17924.89453125 1.0459415600919353e-09
17930.0 5.607560687634844e-09
17940.0 1.3510702174621545e-08
17944.8984375 1.6897636433496193e-08
17950.0 1.8772351101850402e-08
17960.0 2.1760409818854695e-08
17964.904296875 2.291889395989079e-08
17970.0 2.2292486505355137e-08
17980.0 2.088421408375458e-08
17984.91015625 2.0131537002948802e-08
17990.0 1.989165790189436e-08
18000.0 1.9018914544733058e-08
18001.0 0.0
