# STSCI IR Throughput data from http://www.stsci.edu/hst/instrumentation/wfc3/performance/throughputs
# Downloaded 08/22/2019
# Wavelength (Angstrom) Throughput (0-1)
7999.0 0.0
8000.0 3.257222103787011e-05
8002.2001953125 3.121617354703382e-05
8010.0 3.1260947614139476e-05
8020.0 3.132235842836642e-05
8030.0 3.138594917969151e-05
8040.0 3.144618616322412e-05
8050.0 3.150698168437687e-05
8052.2138671875 3.1520475898752036e-05
8060.0 3.157043203780561e-05
8070.0 3.16346859746844e-05
8080.0 3.16991014710477e-05
8090.0 3.176367895229763e-05
8100.0 3.1828307131690754e-05
8102.2275390625 3.184272925054816e-05
8110.0 3.189607340009034e-05
8120.0 3.19647636168725e-05
8130.0 3.20336303655182e-05
8140.0 3.210262047947805e-05
8150.0 3.217167774519123e-05
8152.24072265625 3.2187181297894214e-05
8160.0 3.4738826117572094e-05
8170.0 3.8039511444284994e-05
8180.0 4.1353877760073835e-05
8190.0 4.476927983879051e-05
8200.0 4.821153855810619e-05
8210.0 5.167044768592748e-05
8220.0 5.515515298214216e-05
8230.0 5.866569427380066e-05
8240.0 6.215802348034202e-05
8250.0 6.567142726530052e-05
8252.267578125 6.647104324033744e-05
8260.0 6.663663823728909e-05
8270.0 6.685101086434985e-05
8280.0 6.706587532913854e-05
8290.0 6.728108452243421e-05
8300.0 6.749655679232507e-05
8302.28125 6.754578954950869e-05
8310.0 6.248517518130926e-05
8320.0 5.5892095990083726e-05
8330.0 4.9257300374519846e-05
8340.0 4.258087628825584e-05
8350.0 3.58625527718024e-05
8352.294921875 3.431485637577987e-05
8360.0 3.439745280830415e-05
8370.0 3.4431769028047036e-05
8380.0 3.446602004542329e-05
8390.0 3.450032543408224e-05
8400.0 3.453462265903638e-05
8410.0 3.4562153626878856e-05
8420.0 3.458963069284469e-05
8430.0 3.461717422331419e-05
8440.0 3.464472403180493e-05
8450.0 3.467227484448575e-05
8452.322265625 3.467868787166317e-05
8460.0 3.469856304349796e-05
8470.0 3.472445530814943e-05
8480.0 3.475045869475656e-05
8490.0 3.477691929336444e-05
8500.0 3.480427842848631e-05
8510.0 3.485359575572785e-05
8520.0 3.49037859358629e-05
8530.0 3.4954343704580514e-05
8540.0 3.500504395243556e-05
8550.0 3.501606352889719e-05
8552.3486328125 3.50186480821699e-05
8560.0 5.6440111044493935e-05
8570.0 8.44521245557198e-05
8580.0 0.0001124812632942637
8590.0 0.0001405271791295053
8600.0 0.00016858934073995242
8602.3623046875 0.00017521425057940605
8610.0 0.00016720340791749545
8620.0 0.00015671185023892172
8630.0 0.00014621704398499192
8640.0 0.00013592814194906503
8650.0 0.00012560384843911495
8660.0 0.00011524402340400376
8670.0 0.00010484913364274972
8680.0 9.441909035044787e-05
8690.0 8.39539483761055e-05
8700.0 7.345384451928159e-05
8702.3896484375 7.093948336223962e-05
8710.0 7.103004573122675e-05
8720.0 7.114899870160921e-05
8730.0 7.1603647795627e-05
8740.0 7.20601780920422e-05
8750.0 7.251860017112428e-05
8760.0 7.297890200713595e-05
8770.0 7.344097859379236e-05
8780.0 7.390507510860147e-05
8790.0 7.437107644032354e-05
8800.0 7.483897090448973e-05
8802.416015625 7.492706059759893e-05
8810.0 8.660443584718923e-05
8820.0 0.0001021297374000481
8830.0 0.00011780134843375076
8840.0 0.00013384494249165616
8850.0 0.00015008946495016816
8852.4296875 0.0001540668625874144
8860.0 0.00015481911786795102
8870.0 0.00015581642771281064
8880.0 0.000156817661903791
8890.0 0.00015782329498268666
8900.0 0.00015883308120225636
8910.0 0.0001592194073321639
8920.0 0.00015960581994682395
8930.0 0.00016012459636460978
8940.0 0.00016051166955169288
8950.0 0.00016089857030904695
8952.45703125 0.00016102644110947787
8960.0 0.0001614193715891493
8970.0 0.00016180791882568763
8980.0 0.00016233246402902812
8990.0 0.00016272495781031408
9000.0 0.00016311832697948864
9002.470703125 0.00016315544285087647
9010.0 0.00015712068571991752
9020.0 0.00014897159089784942
9030.0 0.00014093961203328785
9040.0 0.00013289605657671553
9050.0 0.00012483836163092985
9052.484375 0.00012285976775844665
9060.0 0.00011070549366991164
9070.0 9.440373702149426e-05
9080.0 7.813453834656573e-05
9090.0 6.175346842339541e-05
9100.0 4.533866255495861e-05
9102.498046875 4.124141537681652e-05
9110.0 4.7495265432075454e-05
9120.0 5.581335346894943e-05
9130.0 6.420339686402394e-05
9140.0 7.256566171283452e-05
9150.0 8.101457107478941e-05
9152.5107421875 8.3123754150369e-05
9160.0 8.319314755480242e-05
9170.0 8.33562054675652e-05
9180.0 8.345050712562075e-05
9190.0 8.361535044444311e-05
9200.0 8.371116838130355e-05
9202.5244140625 8.373886732912844e-05
9210.0 8.068903575822273e-05
9220.0 7.653631133022907e-05
9230.0 7.244073913950152e-05
9240.0 6.833721629078706e-05
9250.0 6.427645187074871e-05
9260.0 6.014718831758833e-05
9270.0 5.60535865000795e-05
9280.0 5.1898075284648636e-05
9290.0 4.7771169310543545e-05
9300.0 4.3589123850712345e-05
9302.5517578125 4.2529232538635394e-05
9310.0 6.796393761409048e-05
9320.0 0.00010215986057009139
9330.0 0.0001365658237931621
9340.0 0.00017098156094549327
9350.0 0.0002056661461859563
9352.5654296875 0.0002145428131386147
9360.0 0.0002020042331562184
9370.0 0.0001852539205651279
9380.0 0.00016828510991557266
9390.0 0.00015139621515712135
9400.0 0.00013443093775615712
9402.5791015625 0.00012998317599642503
9410.0 0.0001235948195215349
9420.0 0.00011507628090834717
9430.0 0.00010644556760642913
9440.0 9.794395859601377e-05
9450.0 8.933485958812412e-05
9460.0 8.077636545662174e-05
9470.0 7.218577217990415e-05
9480.0 6.350944575997669e-05
9490.0 5.486195663600041e-05
9500.0 4.618239080101613e-05
9502.6064453125 4.3903348312958774e-05
9510.0 4.717775000149201e-05
9520.0 5.1656160718008354e-05
9530.0 5.610158078338754e-05
9540.0 6.060510903059644e-05
9550.0 6.512294727946258e-05
9560.0 6.959602588167047e-05
9570.0 7.41384992600566e-05
9580.0 7.869501048648658e-05
9590.0 8.31949815051261e-05
9600.0 8.777550193394225e-05
9602.6328125 8.897514587876218e-05
9610.0 0.00010872373541075136
9620.0 0.00013547101763385685
9630.0 0.0001623749090785586
9640.0 0.0001894184106033259
9650.0 0.00021636206588494323
9652.646484375 0.00022354924969157484
9660.0 0.00019748725900155579
9670.0 0.00016194546317992452
9680.0 0.00012618216410521053
9690.0 9.044328934289128e-05
9700.0 5.459219368599767e-05
9702.66015625 4.5026200998327464e-05
9710.0 4.504811903779813e-05
9720.0 4.5115880223438514e-05
9730.0 4.5183144316748247e-05
9740.0 4.5211454411260185e-05
9750.0 4.527769207651891e-05
9760.0 4.5343447840824106e-05
9770.0 4.5408710276766144e-05
9780.0 4.543465613363216e-05
9790.0 4.54987569906456e-05
9800.0 4.5562295931297014e-05
9802.6875 4.557282588487741e-05
9810.0 4.560259282391591e-05
9820.0 4.560370113096036e-05
9830.0 4.5643066838923315e-05
9840.0 4.570522390666843e-05
9850.0 4.5766754039737634e-05
9860.0 4.5788412191956534e-05
9870.0 4.584853249550835e-05
9880.0 4.590790780734393e-05
9890.0 4.5966539596755766e-05
9900.0 4.598508207369042e-05
9910.0 4.604223064185009e-05
9920.0 4.6098562253316894e-05
9930.0 4.6154074800616526e-05
9940.0 4.6208776238775896e-05
9950.0 4.622314641605006e-05
9952.7275390625 4.6237584207450135e-05
9960.0 5.2997827244595715e-05
9970.0 6.231045525668792e-05
9980.0 7.164239632341475e-05
9990.0 8.099292808520623e-05
10000.0 9.028411697175534e-05
10002.7412109375 9.286730700728495e-05
10010.0 9.972182999547007e-05
10020.0 0.00010918876936627345
10030.0 0.00011868324764574392
10040.0 0.00012820498631075907
10050.0 0.00013763535702337472
10060.0 0.00014720200599597515
10070.0 0.00015679467583150171
10080.0 0.0001664129889319922
10090.0 0.0001760565315391225
10100.0 0.00018572514621451424
10102.7685546875 0.00018840600270758376
10110.0 0.0001681485356848956
10120.0 0.00013994396558921623
10130.0 0.00011180221402402215
10140.0 8.358013569207658e-05
10150.0 5.527880310206013e-05
10152.7822265625 4.7390756820054995e-05
10160.0 5.4286690096200075e-05
10170.0 6.386213484975408e-05
10180.0 7.346216813951098e-05
10190.0 8.301542957366972e-05
10200.0 9.265566701175274e-05
10210.0 0.0001023265516769765
10220.0 0.00011202241105223852
10230.0 0.00012174267333211611
10240.0 0.00013148716735018653
10250.0 0.0001412555882879515
10252.80859375 0.00014400330864696074
10260.0 0.00013031987129193056
10270.0 0.00011124827709601618
10280.0 9.212625380530299e-05
10290.0 7.289164694512039e-05
10300.0 5.368681985365918e-05
10302.8232421875 4.825593442171797e-05
10310.0 5.522901535017487e-05
10320.0 6.496536918719678e-05
10330.0 7.472503167514371e-05
10340.0 8.45078591256635e-05
10350.0 9.431376469328103e-05
10360.0 0.00010414239630378785
10370.0 0.00011399359693070244
10380.0 0.00012386708759029867
10390.0 0.00013376303939063375
10400.0 0.00014368093248950047
10402.849609375 0.00014651261148366048
10410.0 0.00015363371893365813
10420.0 0.00016361212529300426
10430.0 0.0001736128625669047
10440.0 0.00018363601329662537
10450.0 0.00019368146495175173
10452.86328125 0.00019651325409156568
10460.0 0.00019188058419845763
10470.0 0.00018554455833559678
10480.0 0.00017919263094042157
10490.0 0.00017282472955960985
10500.0 0.00016644107566045986
10510.0 0.00015991243092637787
10520.0 0.00015337895488990754
10530.0 0.0001468405288953099
10540.0 0.00014029741726078547
10550.0 0.0001337494581009718
10560.0 0.0001271969574349697
10570.0 0.0001206401081029396
10580.0 0.00011407861885322011
10590.0 0.00010751287108155792
10600.0 0.00010094289815967612
10602.904296875 9.903187371135037e-05
10610.0 9.202277577263337e-05
10620.0 8.214075907533703e-05
10630.0 7.225404395495227e-05
10640.0 6.236273604667701e-05
10650.0 5.246677347078721e-05
10652.91796875 4.9578302990065876e-05
10660.0 5.192876803887241e-05
10670.0 5.5248995983945475e-05
10680.0 5.857073462006262e-05
10690.0 6.194725763876332e-05
10700.0 6.527500029060642e-05
10710.0 6.860426665547886e-05
10720.0 7.1935160753088e-05
10730.0 7.526771137305226e-05
10740.0 7.860191198485546e-05
10750.0 8.193778140568722e-05
10760.0 8.527546331589815e-05
10770.0 8.861496831485796e-05
10780.0 9.195621336075318e-05
10790.0 9.529946632468e-05
10800.0 9.864462331356602e-05
10802.9580078125 9.963591330265657e-05
10810.0 9.965694456318874e-05
10820.0 9.96872365025857e-05
10830.0 9.9717921589106e-05
10840.0 9.974889608896293e-05
10850.0 9.978043057065285e-05
10852.9716796875 9.978992225221034e-05
10860.0 0.00010331371822588849
10870.0 0.00010842389448775312
10880.0 0.00011344910218688374
10890.0 0.00011847809521865813
10900.0 0.00012351130547522569
10910.0 0.00012854845574110005
10920.0 0.0001335899696888657
10930.0 0.00013863598890707932
10940.0 0.000143686589760025
10950.0 0.00014874185556741515
10952.9990234375 0.00015025891847797928
10960.0 0.00015497873292027477
10970.0 0.00016172604363834395
10980.0 0.0001686246505793563
10990.0 0.000175391042815941
11000.0 0.00018212699339902318
11010.0 0.00018888875644973148
11020.0 0.00019565492862791802
11030.0 0.00020242551154516
11040.0 0.00020920050681340005
11050.0 0.00021597991604494607
11060.0 0.00022276374085247153
11070.0 0.00022974903239179602
11080.0 0.00023654752407354586
11090.0 0.00024335043996601428
11100.0 0.00025015778168472263
11103.0400390625 0.0002522281176524267
11110.0 0.00023121457370727734
11120.0 0.00020100572818525797
11130.0 0.00017077706172749095
11140.0 0.0001405285670786747
11150.0 0.00011035480421053764
11153.052734375 0.0001011028056649076
11160.0 0.00010112580514729339
11170.0 0.00010115891779326708
11180.0 0.00010119203851324667
11190.0 0.0001012251673086046
11200.0 0.00010125830418071363
11203.0673828125 0.00010129670855614101
11210.0 0.00011543702896671675
11220.0 0.00013576009191132234
11230.0 0.00015609855653102937
11240.0 0.00017645242865610945
11250.0 0.0001968217141177611
11253.080078125 0.00020309871891530337
11260.0 0.00019613200248693247
11270.0 0.00018605788586149668
11280.0 0.00017612676235417293
11290.0 0.00016602864739167464
11300.0 0.0001559228416414578
11303.09375 0.00015279479981060358
11310.0 0.00014931854930393736
11320.0 0.000144281814163811
11330.0 0.0001392412326956363
11340.0 0.00013431159135671118
11350.0 0.00012925899471088632
11360.0 0.0001242025440670502
11370.0 0.00011914223796476246
11380.0 0.00011407807494335019
11390.0 0.00010910322888514379
11400.0 0.00010402701249857256
11403.12109375 0.00010244420771557544
11410.0 9.895129443376727e-05
11420.0 9.386968864631409e-05
11430.0 8.878347194660135e-05
11440.0 8.369264216318416e-05
11450.0 7.866431998465587e-05
11460.0 7.355990200862333e-05
11470.0 6.845086048621871e-05
11480.0 6.333719324204519e-05
11490.0 5.821889810018169e-05
11500.0 5.314127332977848e-05
11503.1484375 5.152515580505216e-05
11510.0 7.271518046133278e-05
11520.0 0.0001036631731846916
11530.0 0.00013463574711416912
11540.0 0.00016563291132719253
11550.0 0.00019682233378399088
11553.162109375 0.00020664524275083146
11560.0 0.00020316882797023314
11570.0 0.00019808134466667602
11580.0 0.0001929897767254019
11590.0 0.0001878941226333161
11600.0 0.00018295007178703885
11610.0 0.00017784297687885672
11620.0 0.0001727317249505827
11630.0 0.00016761631446363595
11640.0 0.00016263504544859183
11650.0 0.00015750695240077632
11653.189453125 0.00015587049482492218
11660.0 0.0001417597590961733
11670.0 0.00012102675957391515
11680.0 0.00010027703541436926
11690.0 7.957819464785612e-05
11700.0 5.877732910394908e-05
11703.203125 5.2111008702003076e-05
11710.0 5.2126677449380923e-05
11720.0 5.214973605260874e-05
11730.0 5.2217125203286505e-05
11740.0 5.224021706435893e-05
11750.0 5.2263315761118754e-05
11753.2158203125 5.227074533968574e-05
11760.0 7.355289943104404e-05
11770.0 0.00010494432453045666
11780.0 0.00013647672937880547
11790.0 0.00016794529188865826
11800.0 0.00019943911237224024
11803.23046875 0.00020960920707145257
11810.0 0.00020964911601225187
11820.0 0.00020988593281740867
11830.0 0.00020994495081359072
11840.0 0.00021000397654620626
11850.0 0.0002100630100150817
11860.0 0.00021030012908408784
11870.0 0.00021035922806877746
11880.0 0.0002104183347957615
11890.0 0.00021047744926486607
11900.0 0.00021071484955456133
11910.0 0.000210774029577424
11920.0 0.00021083321734844047
11930.0 0.00021089241286743665
11940.0 0.00021095161613423824
11950.0 0.00021118933436180325
11953.26953125 0.0002112087116472358
11960.0 0.00019702897813452262
11970.0 0.00017595168268865432
11980.0 0.00015486324161114804
11990.0 0.00013387672997848814
12000.0 0.0001127481464116131
12003.2841796875 0.00010581096671832897
12010.0 0.00010583842354636013
12020.0 0.00010587931631500298
12030.0 0.00010600967297109218
12040.0 0.0001060506217495717
12050.0 0.00010609158126756133
12053.2978515625 0.00010610509146372711
12060.0 9.902546760378999e-05
12070.0 8.853007158203423e-05
12080.0 7.794291763117575e-05
12090.0 6.734757223351367e-05
12100.0 5.674403216623369e-05
12103.310546875 5.324673407239167e-05
12110.0 5.329265239038682e-05
12120.0 5.331641616861009e-05
12130.0 5.3340187803426335e-05
12140.0 5.336396729655594e-05
12150.0 5.343272843532647e-05
12153.3251953125 5.3440646601132666e-05
12160.0 6.771056082909375e-05
12170.0 8.910307428456306e-05
12180.0 0.00011051207254752784
12190.0 0.00013204862583735593
12200.0 0.00015350866278812265
12203.337890625 0.00016067054102344777
12210.0 0.00015356715692406236
12220.0 0.0001430197509115976
12230.0 0.0001323368959893754
12240.0 0.00012164775293922611
12250.0 0.00011095231994240992
12260.0 0.00010033483326754979
12270.0 8.961781723801712e-05
12280.0 7.88945005141622e-05
12290.0 6.816488127467383e-05
12300.0 5.747717905993753e-05
12303.3662109375 5.385878642733563e-05
12310.0 5.386926595916231e-05
12320.0 5.388506569280163e-05
12330.0 5.3900868468451324e-05
12340.0 5.396190311615528e-05
12350.0 5.397772523831082e-05
12353.37890625 5.3983072073423545e-05
12360.0 6.113973548810183e-05
12370.0 7.19538808873613e-05
12380.0 8.284374553904262e-05
12390.0 9.36796337509206e-05
12400.0 0.00010452186356818372
12410.0 0.00011538426614807979
12420.0 0.0001263613603463436
12430.0 0.00013725076917370108
12440.0 0.00014814913731859558
12450.0 0.00015905646821573536
12453.40625 0.00016282021882247906
12460.0 0.0001593748829359134
12470.0 0.00015400982447822125
12480.0 0.00014864030260292385
12490.0 0.00014326631559330498
12500.0 0.00013800315797618805
12510.0 0.00013258585875838792
12520.0 0.00012716651667345796
12530.0 0.00012174513280153913
12540.0 0.00011641887887931735
12550.0 0.00011098888245480819
12553.4326171875 0.0001091245021262857
12560.0 0.00010913785963120481
12570.0 0.0001092493140494656
12580.0 0.00010926965687318669
12590.0 0.00010928999240784881
12600.0 0.00010931032064856671
12603.447265625 0.00010934716489439139
12610.0 0.00010224934763856534
12620.0 9.132372567465281e-05
12630.0 8.039495810650749e-05
12640.0 6.946304701230596e-05
12650.0 5.8576764263509415e-05
12653.4609375 5.4788325367138916e-05
12660.0 5.4793455563866906e-05
12670.0 5.480129814857973e-05
12680.0 5.480913725202131e-05
12690.0 5.4862617781162196e-05
12700.0 5.4870456437886126e-05
12710.0 5.4878291604609964e-05
12720.0 5.488612327938988e-05
12730.0 5.493961699421391e-05
12740.0 5.4947448188523086e-05
12750.0 5.495527588214586e-05
12760.0 5.496310007313585e-05
12770.0 5.497092075954652e-05
12780.0 5.502444143852358e-05
12790.0 5.503226160539381e-05
12800.0 5.5040078258925526e-05
12810.0 5.503879868042558e-05
12820.0 5.508322982493464e-05
12830.0 5.5081941906518334e-05
12840.0 5.508065034922765e-05
12850.0 5.5079355152844476e-05
12860.0 5.5123760933200396e-05
12870.0 5.5122457377164766e-05
12880.0 5.512115017836303e-05
12890.0 5.511983933657759e-05
12900.0 5.5164230574554244e-05
12903.5283203125 5.516376552730493e-05
12910.0 6.230089341929857e-05
12920.0 7.332870124672109e-05
12930.0 8.435597449443301e-05
12940.0 9.546172986131882e-05
12950.0 0.00010649706193270463
12953.5419921875 0.0001104056381550414
12960.0 0.00013177704497258685
12970.0 0.0001648685931214608
12980.0 0.00019795851876387943
12990.0 0.0002312380881987616
13000.0 0.00026435214002613357
13003.5556640625 0.0002761594281712754
13010.0 0.00024774516790400765
13020.0 0.00020363039012199943
13030.0 0.00015961962409594902
13040.0 0.00011541247668510535
13050.0 7.117737433446805e-05
13053.5693359375 5.5381608560548475e-05
13060.0 5.539357198110418e-05
13070.0 5.5412179762582557e-05
13080.0 5.5476599752171567e-05
13090.0 5.549523283518281e-05
13100.0 5.551387088187028e-05
13110.0 5.5532513893246305e-05
13120.0 5.5551161870323356e-05
13130.0 5.5615704502940884e-05
13140.0 5.563437782220682e-05
13150.0 5.565305611431519e-05
13153.595703125 5.565977348935515e-05
13160.0 6.992035866627429e-05
13170.0 9.227517417486663e-05
13180.0 0.00011458636503738423
13190.0 0.00013691162914316403
13200.0 0.0001592509716225813
13203.6103515625 0.00016730713321236042
13210.0 0.0001744559052425001
13220.0 0.0001857989565745143
13230.0 0.00019700059444879045
13240.0 0.0002082046305203592
13250.0 0.00021941106502438229
13253.6240234375 0.00022347289529782218
13260.0 0.00023771999082863483
13270.0 0.0002600688715264362
13273.62890625 0.00026826042290884817
13280.0 0.00028267231571419424
13283.6318359375 0.0002908084394223868
13290.0 0.0003050418403949804
13293.6337890625 0.0003131645448208265
13300.0 0.0004697734596799084
13303.63671875 0.0005592464002928914
13310.0 0.0005450445676008398
13313.6396484375 0.0005369205783910769
13320.0 0.0005581671546663
13323.642578125 0.000570507362168767
13330.0 0.000699031220747761
13333.64453125 0.0007725471444340143
13340.0 0.0009007356055012167
13343.6484375 0.0009743317027187864
13350.0 0.0011024813252515477
13353.6513671875 0.0011761594869161402
13360.0 0.0014817821196561796
13363.6533203125 0.001657671481790805
13370.0 0.0021058272744044625
13373.65625 0.0023640323883132638
13380.0 0.0028472680432966094
13383.6591796875 0.0031269769299883134
13390.0 0.003825142733374362
13393.662109375 0.004227466543995045
13400.0 0.00517170756869783
13403.6640625 0.005716512301143969
13410.0 0.006986686868007261
13413.6669921875 0.0077214927006298145
13420.0 0.00969980903462681
13423.669921875 0.010845724464460896
13430.0 0.013527314122422645
13433.671875 0.015082137669676358
13440.0 0.019177637274952686
13443.6748046875 0.021561402426916104
13450.0 0.027650112984217014
13453.677734375 0.031182283967169454
13460.0 0.03971188572477136
13463.6806640625 0.04467543038905594
13470.0 0.05818168724432678
13473.6826171875 0.06604906190924738
13480.0 0.08529145316094953
13483.685546875 0.09651250008154552
13490.0 0.12275299125136821
13493.689453125 0.13807824581017872
13500.0 0.17359374007487896
13503.6923828125 0.19441469102092465
13510.0 0.23789492619367805
13513.6943359375 0.2632876158376943
13520.0 0.30948916508202184
13523.697265625 0.3365635348761863
13530.0 0.37818575226067214
13533.7001953125 0.402607267388847
13540.0 0.4343560424380282
13543.7021484375 0.45300287562741415
13550.0 0.4763767380710217
13553.705078125 0.49011988625407915
13560.0 0.5018754443718942
13563.7080078125 0.5087960277155653
13570.0 0.5148884694477548
13573.7109375 0.5186374603063275
13580.0 0.5203311152307553
13583.712890625 0.5211725442289772
13590.0 0.5216858059762399
13593.7158203125 0.5219889320759814
13600.0 0.5212068925168057
13603.71875 0.520378937986634
13610.0 0.5189125240904685
13613.720703125 0.5180451104740794
13620.0 0.51867028910857
13623.7236328125 0.5190391872488762
13630.0 0.5187215096132279
13633.7265625 0.5185324308683382
13640.0 0.5177292477183935
13643.73046875 0.5172518920967093
13650.0 0.5178980385581211
13653.732421875 0.5184393759166238
13660.0 0.5188983729097498
13663.7353515625 0.5190120329960126
13670.0 0.5177598793762536
13673.73828125 0.5170136031233291
13680.0 0.5173727088570319
13683.740234375 0.5175857380518988
13690.0 0.517155263006196
13693.7431640625 0.5168975497230787
13700.0 0.5159561866125354
13703.74609375 0.5153930344940755
13710.0 0.5141824222164256
13713.7490234375 0.5134575646491494
13720.0 0.5131969499582227
13723.7509765625 0.5130400112779281
13730.0 0.5118674428174502
13733.75390625 0.5111638753328834
13740.0 0.5105323411868585
13743.7568359375 0.510309471473436
13750.0 0.509502567402728
13753.7587890625 0.5088603685139902
13760.0 0.5078620727808796
13763.76171875 0.5072609408979382
13770.0 0.5059648915470994
13773.7646484375 0.5051837774502834
13780.0 0.5049554848890778
13783.767578125 0.5048169421351484
13790.0 0.5039238924654988
13793.76953125 0.5033841646769045
13800.0 0.5029884708404745
13803.7734375 0.5028582742139375
13810.0 0.5016870555333086
13813.7763671875 0.5009775915804126
13820.0 0.50073062484714
13823.7783203125 0.5005804720920306
13830.0 0.5002672024231163
13833.78125 0.5008279647989622
13840.0 0.5015538774667874
13843.7841796875 0.5019958756551586
13850.0 0.5034464017108595
13853.787109375 0.5044876272903004
13860.0 0.505836048472739
13863.7890625 0.506502743560526
13870.0 0.5066053592367293
13873.7919921875 0.5066675144035596
13880.0 0.5081253810891359
13883.794921875 0.5090177323867453
13890.0 0.5109096047584983
13893.7978515625 0.5120692303578612
13900.0 0.5134678885641978
13903.7998046875 0.5143258775281524
13910.0 0.514330955216655
13913.802734375 0.5143334494206269
13920.0 0.5156020174840815
13923.8056640625 0.5163819571915826
13930.0 0.5184869437549093
13933.8076171875 0.5197828147058488
13940.0 0.5201226290495519
13943.810546875 0.5203315234768107
13950.0 0.5210385046772087
13953.814453125 0.5214744409528173
13960.0 0.5232204632042667
13963.8173828125 0.5242995210660877
13970.0 0.5252107144307091
13973.8193359375 0.5257740909449746
13980.0 0.527594045733172
13983.822265625 0.528721142615969
13990.0 0.5287612784187281
13993.8251953125 0.5287855438032327
14000.0 0.5289248329663745
14003.8271484375 0.5288126565957318
14010.0 0.5291711397721637
14013.830078125 0.5293936203060087
14020.0 0.5303596417024592
14023.8330078125 0.530960200819468
14030.0 0.5317245191721586
14033.8359375 0.5322002360669134
14040.0 0.5325259084363426
14043.837890625 0.5327287109155008
14050.0 0.5339672928657441
14053.8408203125 0.5347398920637727
14060.0 0.5353708796703861
14063.84375 0.5357648787463072
14070.0 0.5366332369002866
14073.845703125 0.537344953462282
14080.0 0.5373326768041401
14083.8486328125 0.5371556226046006
14090.0 0.5353798345548325
14093.8515625 0.5342666872860173
14100.0 0.5315379202303029
14103.85546875 0.529824944535609
14110.0 0.521354337581987
14113.857421875 0.5160312276123813
14120.0 0.5020104130238244
14123.8603515625 0.4931900590713364
14130.0 0.4710936052797368
14133.86328125 0.45717587174774155
14140.0 0.424706416089162
14143.865234375 0.40423510827292325
14150.0 0.3695372139865222
14153.8681640625 0.3476374108325611
14160.0 0.30985774385449905
14163.87109375 0.28598344427947364
14170.0 0.24906667714517347
14173.8740234375 0.2257088915915014
14180.0 0.1931293909693185
14183.8759765625 0.17249562691841175
14190.0 0.14399130764000093
14193.87890625 0.1258792115426949
14200.0 0.10635991423883802
14203.8818359375 0.09397589835168345
14210.0 0.07881594129318371
14213.8837890625 0.06919175793724182
14220.0 0.05800448481112888
14223.88671875 0.050894703191958934
14230.0 0.04245569167805961
14233.8896484375 0.03708588234111885
14240.0 0.03106633504976828
14243.892578125 0.027231327348031565
14250.0 0.022948570680252037
14253.89453125 0.020217380777812235
14260.0 0.01715382763188686
14263.8984375 0.015197560435738479
14270.0 0.01298171595133317
14273.9013671875 0.011564793159848577
14280.0 0.009825438734154679
14283.904296875 0.008711837938761192
14290.0 0.0075164365306773055
14293.90625 0.0067503443134637265
14300.0 0.005795024118785901
14303.9091796875 0.005182136321687941
14310.0 0.004463059133611463
14313.912109375 0.004001165809537891
14320.0 0.003519804979925029
14323.9140625 0.0032103035906005536
14330.0 0.0027629985613250806
14333.9169921875 0.00247508648487068
14340.0 0.00202759414685513
14343.919921875 0.001739207294994383
14350.0 0.001664712879050376
14353.9228515625 0.0016166458302135718
14360.0 0.001379524151270417
14363.9248046875 0.0012263730205005026
14370.0 0.0011586802819181868
14373.927734375 0.0011149124726504234
14380.0 0.000979525366485129
14383.9306640625 0.0008918811732936109
14390.0 0.000722679076480184
14393.9326171875 0.0006128399740606139
14400.0 0.0006129000011892135
14403.935546875 0.0006130905066139534
14410.0 0.0004778052018729665
14413.939453125 0.00038993470256275817
14420.0 0.00038990648265644143
14423.9423828125 0.00038988812178827024
14430.0 0.00025494607842451133
14433.9443359375 0.000167090879204633
14440.0 0.000200805899068074
14443.947265625 0.0002227797410708784
14450.0 0.00022276361314488562
14453.9501953125 0.00022275308538367942
14460.0 0.0002294749065153729
14463.9521484375 0.0002338655331099802
14470.0 0.00027425442096886305
14473.955078125 0.0003006641378441605
14480.0 0.00026251433547444406
14490.0 0.00019941595527041297
14500.0 0.0001363326868182517
14503.962890625 0.00011132219257308885
14510.0 0.00011799400993606716
14520.0 0.00012914268598573453
14530.0 0.00014029909514020486
14540.0 0.00015146323904356682
14550.0 0.00016263511933981784
14553.9765625 0.0001670798376212883
14560.0 0.0001604065076558455
14570.0 0.00014932137260054238
14580.0 0.00013811530194683582
14590.0 0.00012702378690679483
14600.0 0.00011592454036843451
14610.0 0.00010480592182438815
14620.0 9.368203886046089e-05
14630.0 8.255289168603589e-05
14640.0 7.141848051060525e-05
14650.0 6.0229394379047806e-05
14654.00390625 5.5771354590843835e-05
14660.0 9.589314170263914e-05
14670.0 0.00016283158539394087
14680.0 0.00022980157971961413
14690.0 0.00029680312341951885
14700.0 0.0003638362152328618
14704.017578125 0.00039064738410148113
14710.0 0.0003738294930465175
14720.0 0.00034602736536848747
14730.0 0.0003182121021852088
14740.0 0.0002903837040212944
14750.0 0.00026254217140162813
14760.0 0.00023449481317539418
14770.0 0.00020664989425524708
14780.0 0.00017879185323846507
14790.0 0.00015092069065058696
14800.0 0.00012293530417786436
14804.044921875 0.00011165732881589738
14810.0 0.00010834159556398948
14820.0 0.00010277248694291603
14830.0 9.72018750945809e-05
14840.0 9.155441279696825e-05
14850.0 8.598537994936835e-05
14860.0 8.041484733005269e-05
14870.0 7.484281567861834e-05
14880.0 6.921227131415455e-05
14890.0 6.364183253114179e-05
14900.0 5.8069898166167365e-05
14904.072265625 5.580043012892695e-05
14910.0 5.580551293747456e-05
14920.0 5.576811381112397e-05
14930.0 5.577667749077266e-05
14940.0 5.5785239010467825e-05
14950.0 5.579379837032726e-05
14954.0859375 5.577849909733924e-05
14960.0 5.57570101255049e-05
14970.0 5.576667482984913e-05
14980.0 5.577633767404655e-05
14990.0 5.5739968455947465e-05
15000.0 5.574961960981572e-05
15004.0986328125 5.574262876470491e-05
15010.0 5.573058989716075e-05
15020.0 5.5664193260129214e-05
15030.0 5.564381815034828e-05
15040.0 5.562344759603307e-05
15050.0 5.555712649070187e-05
15054.11328125 5.554875762679535e-05
15060.0 6.20744414803288e-05
15070.0 7.315377122048335e-05
15080.0 8.415574821138559e-05
15090.0 9.521056018385838e-05
15100.0 0.00010625769890633958
15104.1259765625 0.00011077564077781648
15110.0 0.00010419915509120055
15120.0 9.31010948955886e-05
15130.0 8.201070898354206e-05
15140.0 7.086922847353375e-05
15150.0 5.98033604471505e-05
15154.1396484375 5.522472240279878e-05
15160.0 6.815382611273059e-05
15170.0 9.01288879064243e-05
15180.0 0.00011214516435285417
15190.0 0.00013403482196371364
15200.0 0.00015600227861721489
15204.154296875 0.00016511806454544957
15210.0 0.00015221485795642576
15220.0 0.00013004876364212497
15230.0 0.00010802799720777781
15240.0 8.595461540223543e-05
15250.0 6.398989077959627e-05
15254.1669921875 5.4842773470813976e-05
15260.0 5.8023774698041384e-05
15270.0 6.342069377005672e-05
15280.0 6.88611930133248e-05
15290.0 7.423514148146623e-05
15300.0 7.966173573462331e-05
15310.0 8.501273916018303e-05
15320.0 9.042545201571929e-05
15330.0 9.575355696530693e-05
15340.0 0.00010115241252961497
15350.0 0.00010645766929663035
15354.1943359375 0.00010871689631688728
15360.0 0.00011184553298034754
15370.0 0.000117230785641769
15380.0 0.00012250893915815618
15390.0 0.00012788037829331622
15400.0 0.00013313576082760206
15410.0 0.00013850053034106342
15420.0 0.0001437408139668327
15430.0 0.00014909291366616633
15440.0 0.00015431157198193585
15450.0 0.00015965102169214251
15454.2216796875 0.00016184665209370108
15460.0 0.0001555045981967612
15470.0 0.00014454978991380215
15480.0 0.00013373363010653742
15490.0 0.000122822448089779
15500.0 0.00011203171729953136
15510.0 0.00010119123714621301
15520.0 9.044729296284018e-05
15530.0 7.963869694475463e-05
15540.0 6.890855973115838e-05
15550.0 5.81318374843714e-05
15554.2490234375 5.355896864798936e-05
15560.0 5.352958406024304e-05
15570.0 5.3523628707380254e-05
15580.0 5.347254679032518e-05
15590.0 5.3466596576517854e-05
15600.0 5.341553521972808e-05
15610.0 5.340674744673478e-05
15620.0 5.3352858017004885e-05
15630.0 5.3298988885929255e-05
15640.0 5.329021619237236e-05
15650.0 5.323636410944336e-05
15660.0 5.3182526949962716e-05
15670.0 5.317376933813926e-05
15680.0 5.3119959974688335e-05
15690.0 5.311120994327544e-05
15700.0 5.305741763343799e-05
15704.2900390625 5.303434740014496e-05
15710.0 6.510410199936195e-05
15720.0 8.628171792972706e-05
15730.0 0.0001073610515585817
15740.0 0.00012839743696486358
15750.0 0.00014951814748809554
15754.302734375 0.00015854560784395714
15760.0 0.00015544446237823856
15770.0 0.00015000969338635972
15780.0 0.0001445857197838528
15790.0 0.00013929136197613214
15800.0 0.0001338844049674138
15810.0 0.00012849331399629972
15820.0 0.0001232178801910574
15830.0 0.00011784296555450107
15840.0 0.00011247837068918814
15850.0 0.00010712411578460887
15854.330078125 0.0001048477852835862
15860.0 0.00010186928259388751
15870.0 9.653435414162036e-05
15880.0 9.120973962808844e-05
15890.0 8.589544454325476e-05
15900.0 8.066074686056156e-05
15910.0 7.536255753850445e-05
15920.0 7.007467005274791e-05
15930.0 6.479708774846208e-05
15940.0 5.952979347521182e-05
15950.0 5.431962056193829e-05
15954.3583984375 5.202967395817658e-05
15960.0 6.959001528139329e-05
15970.0 0.0001006683333669964
15980.0 0.00013168504471019945
15990.0 0.0001626401859427531
16000.0 0.00019370131610557315
16004.37109375 0.00020720121161828717
16010.0 0.00020126486327252626
16020.0 0.00019073410657000306
16030.0 0.00018022304391383123
16040.0 0.00016973169311618565
16050.0 0.0001592600677044354
16054.384765625 0.00015473366146278087
16060.0 0.00014314657233796093
16070.0 0.00012240780031235225
16080.0 0.00010170843464589451
16090.0 8.104844608819367e-05
16100.0 6.0427841305378745e-05
16104.3984375 5.1370468961636184e-05
16110.0 5.13440381459397e-05
16120.0 5.1296848955460664e-05
16130.0 5.124966622860854e-05
16140.0 5.120247929305233e-05
16150.0 5.115529349820405e-05
16154.412109375 5.115423930479874e-05
16160.0 6.257956622586453e-05
16170.0 8.295068584527949e-05
16180.0 0.000103282444948168
16190.0 0.00012357486913997206
16200.0 0.0001438279408390598
16204.42578125 0.00015276654909184096
16210.0 0.00014132461355430585
16220.0 0.00012083460013374846
16230.0 0.00010039141976192498
16240.0 7.999505620254946e-05
16250.0 5.964548468449821e-05
16254.439453125 5.062637156382316e-05
16260.0 5.621783108078099e-05
16270.0 6.625529213556809e-05
16280.0 7.62694467241829e-05
16290.0 8.626031626566409e-05
16300.0 9.622792642500112e-05
16304.453125 0.00010065913950707524
16310.0 0.00010060008652542321
16320.0 0.00010049365750393102
16330.0 0.00010038724621663862
16340.0 0.00010028086331161715
16350.0 0.0001001745194296596
16354.4658203125 0.00010012703258501242
16360.0 0.00010005712132974216
16370.0 9.984171526122485e-05
16380.0 9.971555507632803e-05
16390.0 9.958948036188671e-05
16400.0 9.946346985207616e-05
16404.48046875 9.943330128124948e-05
16410.0 9.391770273072425e-05
16420.0 8.393368184690004e-05
16430.0 7.396110197753637e-05
16440.0 6.399999009849643e-05
16450.0 5.405035155079648e-05
16454.494140625 4.956254336392579e-05
16460.0 5.679024548105574e-05
16470.0 6.995015752489782e-05
16480.0 8.309459974338266e-05
16490.0 9.62235289419756e-05
16500.0 0.00010933692591698028
16510.0 0.00012243477716742957
16520.0 0.00013551703100490582
16530.0 0.00014844897360741276
16540.0 0.00016148801175897064
16550.0 0.0001745113956795902
16560.0 0.00018751906233443878
16570.0 0.00020051102435255543
16580.0 0.00021329259388050263
16590.0 0.00022624102423179197
16600.0 0.00023917361769506306
16604.533203125 0.00024475012238367076
16610.0 0.0002336480421130551
16620.0 0.00021324010114444198
16630.0 0.0001931693916538842
16640.0 0.00017322173975542157
16650.0 0.0001533968342148717
16660.0 0.00013357128885747152
16670.0 0.00011400870149026102
16680.0 9.456769887160787e-05
16690.0 7.517847042632778e-05
16700.0 5.599729773817383e-05
16704.5625 4.728593345112694e-05
16710.0 4.9771470249309614e-05
16720.0 5.426932976408042e-05
16730.0 5.8783717177859176e-05
16740.0 6.326861939287162e-05
16750.0 6.766113391855358e-05
16760.0 7.208315643235154e-05
16770.0 7.647598573055124e-05
16780.0 8.0764215937712e-05
16790.0 8.50947695369679e-05
16800.0 8.931269920289846e-05
16804.58984375 9.127735596902708e-05
16810.0 8.947808442990778e-05
16820.0 8.616756961173571e-05
16830.0 8.279884356669042e-05
16840.0 7.953067342514387e-05
16850.0 7.621018236185194e-05
16860.0 7.298411945756654e-05
16870.0 6.971158278470694e-05
16880.0 6.652738216658699e-05
16890.0 6.336255822456589e-05
16900.0 6.015993677166433e-05
16910.0 5.703664791972089e-05
16920.0 5.3881259253764765e-05
16930.0 5.079926210321903e-05
16940.0 4.7690831784973946e-05
16950.0 4.464988502659106e-05
16954.630859375 4.3228955716461307e-05
16960.0 4.3130777599372874e-05
16970.0 4.2948249771047835e-05
16980.0 4.2807267474721407e-05
16990.0 4.2625498037505875e-05
17000.0 4.248508212511355e-05
17010.0 4.2271870523695035e-05
17020.0 4.209991063810758e-05
17030.0 4.1887728813863834e-05
17040.0 4.1676124634767146e-05
17050.0 4.150539125557234e-05
17060.0 4.1294814665590604e-05
17070.0 4.112485529925244e-05
17080.0 4.0915304886095195e-05
17090.0 4.070633014606463e-05
17100.0 4.0537592747775513e-05
17104.669921875 4.044040984877726e-05
17110.0 4.0330932062538826e-05
17120.0 4.012595713262403e-05
17130.0 3.996082154606909e-05
17140.0 3.97568214363717e-05
17150.0 3.955337008743756e-05
17154.68359375 3.9476529394091545e-05
17160.0 3.938896803064653e-05
17170.0 3.9185708635882584e-05
17180.0 3.898300522603334e-05
17190.0 3.881940421180251e-05
17200.0 3.861768772119695e-05
17204.697265625 3.837695379300355e-05
17210.0 3.810491613862659e-05
17220.0 3.7593476138118425e-05
17230.0 3.712120999374966e-05
17240.0 3.6613444283665924e-05
17250.0 3.610772802304108e-05
17254.7109375 3.587019961374428e-05
17260.0 3.560406354001715e-05
17270.0 3.5102444520430485e-05
17280.0 3.463782513795059e-05
17290.0 3.413986453562222e-05
17300.0 3.36439437401799e-05
17304.724609375 3.341035116430311e-05
17310.0 3.315041474625527e-05
17320.0 3.2659219956178935e-05
17330.0 3.2170043416683435e-05
17340.0 3.16828793026559e-05
17350.0 3.122966136686627e-05
17360.0 3.0746092228731895e-05
17370.0 3.0264530224533496e-05
17380.0 2.978497719734571e-05
17390.0 2.9307429383756282e-05
17400.0 2.8831883123605998e-05
17404.751953125 2.8414542855846144e-05
17410.0 2.7955265565380534e-05
17420.0 2.7083106280128305e-05
17430.0 2.621485692712308e-05
17440.0 2.535051074540361e-05
17450.0 2.449006747241563e-05
17454.765625 2.4081383372410557e-05
17460.0 2.3633273081386347e-05
17470.0 2.278017528580757e-05
17480.0 2.1931002350955575e-05
17490.0 2.108574926121161e-05
17500.0 2.024441502159355e-05
17510.0 1.9406993346883902e-05
17520.0 1.8573483044991383e-05
17530.0 1.7743878034306716e-05
17540.0 1.691817692590581e-05
17550.0 1.6096374864342865e-05
17554.79296875 1.570386840276972e-05
17560.0 1.68696019184669e-05
17570.0 1.886366257304372e-05
17580.0 2.0537859458057434e-05
17590.0 2.1894540973567104e-05
17600.0 2.2911331929409724e-05
17604.806640625 2.3611626744195413e-05
17610.0 2.311837024184431e-05
17620.0 2.2172116551810226e-05
17630.0 2.1230507790028885e-05
17640.0 2.0293537169569968e-05
17650.0 1.93611981378648e-05
17654.8203125 1.890348249282603e-05
17660.0 1.8415249137869456e-05
17670.0 1.7496532319335336e-05
17680.0 1.658206565344281e-05
17690.0 1.5671845487922637e-05
17700.0 1.4749572681614885e-05
17704.833984375 1.4313612187464287e-05
17710.0 1.3490344667730977e-05
17720.0 1.1968160553103276e-05
17730.0 1.0539624424398276e-05
17740.0 9.193811364068867e-06
17750.0 7.951943033102442e-06
17760.0 6.801633088806042e-06
17770.0 5.7422174154277915e-06
17780.0 4.767659546464319e-06
17790.0 3.889027807874817e-06
17800.0 3.0992102711513864e-06
17804.861328125 2.8967050372234224e-06
17810.0 3.4173961476431e-06
17820.0 4.363726421039946e-06
17830.0 5.211888445533655e-06
17840.0 5.973598295376752e-06
17850.0 6.644573111889328e-06
17854.875 6.93509346155105e-06
17860.0 6.294133799902522e-06
17870.0 5.1214758415577694e-06
17880.0 4.036151485779915e-06
17890.0 3.0479642522851598e-06
17900.0 2.1478098634478232e-06
17904.888671875 1.7421898762135172e-06
17910.0 1.6854728325310917e-06
17920.0 1.5730992028550038e-06
17930.0 1.4632686207285524e-06
17940.0 1.3524165253031885e-06
17950.0 1.2438567312125863e-06
17954.90234375 1.1901551402801925e-06
17960.0 1.1345406130132651e-06
17970.0 1.0272782331475934e-06
17980.0 9.194831774800517e-07
17990.0 8.134737047370092e-07
18000.0 7.071787673282321e-07
18001.0 0.0
