# STSCI IR Throughput data from http://www.stsci.edu/hst/instrumentation/wfc3/performance/throughputs
# Downloaded 08/22/2019
# Wavelength (Angstrom) Throughput (0-1)
7999.0 0.0
8000.0 5.982359955097279e-05
8010.0 5.980182587167162e-05
8020.0 5.9787187147564036e-05
8030.0 5.97761345018408e-05
8040.0 5.975812416005715e-05
8050.0 5.974061644129257e-05
8060.0 5.972291704463236e-05
8070.0 5.9704828688666986e-05
8080.0 5.968645487333203e-05
8090.0 5.966779411595196e-05
8100.0 5.964863556866316e-05
8110.0 5.9629182438283035e-05
8120.0 5.960923881878222e-05
8130.0 5.9588997863552367e-05
8140.0 5.9568358536368566e-05
8150.0 5.9547215148427554e-05
8160.0 5.9525780059072075e-05
8170.0 5.950393773387545e-05
8180.0 5.948159244204892e-05
8190.0 5.957496149381726e-05
8200.0 5.966782515570387e-05
8210.0 5.974824438893104e-05
8220.0 5.982822781614187e-05
8230.0 5.990769074228945e-05
8240.0 5.9944048554855666e-05
8250.0 5.9979844739995194e-05
8260.0 6.001499119144566e-05
8270.0 6.004938493954911e-05
8280.0 6.008323351420414e-05
8290.0 6.01164022667566e-05
8300.0 6.014881627726678e-05
8310.0 6.0180673422433665e-05
8320.0 6.021185301594141e-05
8330.0 6.0242261749999723e-05
8340.0 6.027211174718714e-05
8350.0 6.0301172153156135e-05
8360.0 6.032966928325908e-05
8370.0 6.0229733795305866e-05
8380.0 6.01293814139403e-05
8390.0 6.0028821146211766e-05
8400.0 5.9927943762181764e-05
8410.0 5.981505351459332e-05
8420.0 5.970183034971184e-05
8430.0 5.9588482248460165e-05
8440.0 5.9474904997445805e-05
8450.0 5.936108951600418e-05
8460.0 5.924715195617132e-05
8470.0 5.9132989413124505e-05
8480.0 5.901877941355363e-05
8490.0 5.8905106643953995e-05
8500.0 5.879271035064324e-05
8510.0 5.871705696029045e-05
8520.0 5.8642420206256054e-05
8530.0 5.8567941547304814e-05
8540.0 5.849323979721562e-05
8550.0 5.83519503640842e-05
8560.0 5.821047357357618e-05
8570.0 5.806863952721247e-05
8580.0 5.792662850260547e-05
8590.0 5.778434472405505e-05
8600.0 5.764169477588788e-05
8610.0 5.748961388681328e-05
8620.0 5.733729917735433e-05
8630.0 5.718476922249123e-05
8640.0 5.7119875897905475e-05
8650.0 5.70543070305159e-05
8660.0 5.698795568086075e-05
8670.0 5.692100203478322e-05
8680.0 5.685336947182417e-05
8690.0 5.678504045088777e-05
8700.0 5.6716050062969385e-05
8710.0 5.664626658134934e-05
8720.0 5.657589386852119e-05
8730.0 5.677114276833175e-05
8740.0 5.6965784006003985e-05
8750.0 5.71598131325639e-05
8760.0 5.73532078375705e-05
8770.0 5.7545873068394977e-05
8780.0 5.773798832927302e-05
8790.0 5.792945021311344e-05
8800.0 5.8120236705696404e-05
8810.0 5.822916842064998e-05
8820.0 5.833702417407586e-05
8830.0 5.8444007989542904e-05
8840.0 5.864873328289504e-05
8850.0 5.88527775036565e-05
8860.0 5.905614844893283e-05
8870.0 5.925882204629349e-05
8880.0 5.9460708212837675e-05
8890.0 5.966197290921159e-05
8900.0 5.9862508461344254e-05
8910.0 5.982647583770898e-05
8920.0 5.978959418307291e-05
8930.0 5.9801264424458673e-05
8940.0 5.976271446749484e-05
8950.0 5.9723217373785154e-05
8960.0 5.973238672206854e-05
8970.0 5.969157878968512e-05
8980.0 5.969989940240271e-05
8990.0 5.965861022445507e-05
9000.0 5.9616745483887545e-05
9010.0 5.948540117179328e-05
9020.0 5.9305589894352185e-05
9030.0 5.917565604027827e-05
9040.0 5.9047139081967825e-05
9050.0 5.891916026852355e-05
9060.0 5.88404602887099e-05
9070.0 5.871321997468102e-05
9080.0 5.8635174952063514e-05
9090.0 5.850853261307872e-05
9100.0 5.838230588994923e-05
9110.0 5.830480340601432e-05
9120.0 5.8179040039358554e-05
9130.0 5.8101863356086734e-05
9140.0 5.797637247863905e-05
9150.0 5.7899401853547084e-05
9160.0 5.777415610815709e-05
9170.0 5.7697210248010726e-05
9180.0 5.757208573803066e-05
9190.0 5.749503630894662e-05
9200.0 5.736992938547969e-05
9210.0 5.7253901458007594e-05
9220.0 5.709007594028275e-05
9230.0 5.6974182886370355e-05
9240.0 5.686041534333157e-05
9250.0 5.6794068595707394e-05
9260.0 5.6679864536255496e-05
9270.0 5.661288326440274e-05
9280.0 5.6498062493702535e-05
9290.0 5.6430330833002906e-05
9300.0 5.631488150180863e-05
9310.0 5.6246326905864876e-05
9320.0 5.613014149561804e-05
9330.0 5.606063821653457e-05
9340.0 5.594353903479737e-05
9350.0 5.587301297933938e-05
9360.0 5.575492183151416e-05
9370.0 5.568335630732964e-05
9380.0 5.556416702750538e-05
9390.0 5.549129232169515e-05
9400.0 5.5417832160250364e-05
9410.0 5.5245098437230945e-05
9420.0 5.5118575456903195e-05
9430.0 5.49452149065635e-05
9440.0 5.484833527231705e-05
9450.0 5.470455865084794e-05
9460.0 5.4606361305866565e-05
9470.0 5.450742835349136e-05
9480.0 5.436184963110845e-05
9490.0 5.426152488718872e-05
9500.0 5.4160452112390965e-05
9510.0 5.4004410441671034e-05
9520.0 5.3893336050137865e-05
9530.0 5.373601295239052e-05
9540.0 5.362347222697081e-05
9550.0 5.351007166935937e-05
9560.0 5.3350569371693465e-05
9570.0 5.323556260795129e-05
9580.0 5.311962490426564e-05
9590.0 5.2957876173195636e-05
9600.0 5.284019767046857e-05
9610.0 5.27023292664523e-05
9620.0 5.251895118931307e-05
9630.0 5.2379440364848015e-05
9640.0 5.225999399782737e-05
9650.0 5.209510504763518e-05
9660.0 5.197370801243074e-05
9670.0 5.1851183607745736e-05
9680.0 5.168361835060654e-05
9690.0 5.1559027521179074e-05
9700.0 5.143339212923959e-05
9710.0 5.126298365623216e-05
9720.0 5.1135243102869674e-05
9730.0 5.1006317841953074e-05
9740.0 5.083297602965522e-05
9750.0 5.070184008684239e-05
9760.0 5.056955688315926e-05
9770.0 5.043612025499477e-05
9780.0 5.025859165432104e-05
9790.0 5.012285186115832e-05
9800.0 4.9985905049604356e-05
9810.0 4.982176508509521e-05
9820.0 4.961417890580851e-05
9830.0 4.944803482020578e-05
9840.0 4.930612283321771e-05
9850.0 4.916297383359698e-05
9860.0 4.897661881024301e-05
9870.0 4.883103523795318e-05
9880.0 4.868411677712616e-05
9890.0 4.8535875231924176e-05
9900.0 4.8344955887328245e-05
9910.0 4.819428297308012e-05
9920.0 4.804224109855046e-05
9930.0 4.788883931579838e-05
9940.0 4.773409710952534e-05
9950.0 4.753738183211286e-05
9960.0 4.7380037043870674e-05
9970.0 4.7221384021421766e-05
9980.0 4.70614288900543e-05
9990.0 4.690004907921458e-05
10000.0 4.669724356613087e-05
10002.7412109375 4.6659548350324466e-05
10010.0 4.6713608193461554e-05
10020.0 4.678736128747112e-05
10030.0 4.686040749144772e-05
10040.0 4.69327993491345e-05
10050.0 4.6964191590870095e-05
10060.0 4.7035143498162415e-05
10070.0 4.710543647913008e-05
10080.0 4.717507501835405e-05
10090.0 4.7244052938675826e-05
10100.0 4.731243061095099e-05
10110.0 4.738014261458792e-05
10120.0 4.740655527133494e-05
10130.0 4.7473004325496644e-05
10140.0 4.7538850800313323e-05
10150.0 4.7604088806983245e-05
10160.0 4.766885307900638e-05
10170.0 4.773299790921859e-05
10180.0 4.779653802523286e-05
10190.0 4.7818576466437616e-05
10200.0 4.7881037499275e-05
10210.0 4.7946216133504314e-05
10220.0 4.801098566769554e-05
10230.0 4.807521681467153e-05
10240.0 4.813896465629632e-05
10250.0 4.82022236992875e-05
10260.0 4.826507330326578e-05
10270.0 4.832744098300476e-05
10280.0 4.838938183349058e-05
10290.0 4.840927874752033e-05
10300.0 4.847032636533264e-05
10310.0 4.853101074577928e-05
10320.0 4.859127654518459e-05
10330.0 4.865111855262877e-05
10340.0 4.871059979473953e-05
10350.0 4.876978675378645e-05
10360.0 4.8828596748307535e-05
10370.0 4.8887058963477385e-05
10380.0 4.894514521579805e-05
10390.0 4.9003000425693075e-05
10400.0 4.906049420457022e-05
10410.0 4.911951025434804e-05
10420.0 4.917829713860583e-05
10430.0 4.923678235141873e-05
10440.0 4.929503645584249e-05
10450.0 4.9353065983196425e-05
10460.0 4.9368302657728604e-05
10470.0 4.942581649429827e-05
10480.0 4.948315078328542e-05
10490.0 4.954026424989755e-05
10500.0 4.959719667462114e-05
10510.0 4.961382868489253e-05
10520.0 4.963032112242017e-05
10530.0 4.96466150768525e-05
10540.0 4.9662776133855054e-05
10550.0 4.967872450576968e-05
10560.0 4.9694546662704635e-05
10570.0 4.971030135341626e-05
10580.0 4.972584990946129e-05
10590.0 4.9741330809079135e-05
10600.0 4.9756747217624055e-05
10610.0 4.9768452533576145e-05
10620.0 4.978009293405084e-05
10630.0 4.9791672119826746e-05
10640.0 4.9803245262402195e-05
10650.0 4.981475017087831e-05
10660.0 4.9826252228711415e-05
10670.0 4.9837769115850154e-05
10680.0 4.984927669969678e-05
10690.0 4.990369288735524e-05
10700.0 4.991528841708089e-05
10710.0 4.992687788616041e-05
10720.0 4.9938534348128674e-05
10730.0 4.995026805877284e-05
10740.0 4.996206509235541e-05
10750.0 4.997392923787224e-05
10760.0 4.998593688571212e-05
10770.0 4.999807789589721e-05
10780.0 5.001029266605952e-05
10790.0 5.0022714094804044e-05
10800.0 5.003526861363965e-05
10810.0 5.005032311534848e-05
10820.0 5.006559217584544e-05
10830.0 5.008105871937034e-05
10840.0 5.009667064858811e-05
10850.0 5.0112563851160706e-05
10860.0 5.012866201361852e-05
10870.0 5.0188157072947064e-05
10880.0 5.02048228684337e-05
10890.0 5.022169384201691e-05
10900.0 5.023892079163723e-05
10910.0 5.025635385299978e-05
10920.0 5.0274129347048534e-05
10930.0 5.029226160714055e-05
10940.0 5.031074013406913e-05
10950.0 5.032955819445039e-05
10960.0 5.034865710420681e-05
10970.0 5.036818048952161e-05
10980.0 5.043140679422678e-05
10990.0 5.0451776109205435e-05
11000.0 5.046221643521514e-05
11010.0 5.047881803693535e-05
11020.0 5.0495423714583226e-05
11030.0 5.051203346885955e-05
11040.0 5.052864730046519e-05
11050.0 5.054526521010109e-05
11060.0 5.05618871984683e-05
11070.0 5.0621930329322404e-05
11080.0 5.063857475272817e-05
11090.0 5.065522326047176e-05
11100.0 5.0671875853255106e-05
11110.0 5.0688532531780215e-05
11120.0 5.0705193296749175e-05
11130.0 5.072185814886409e-05
11140.0 5.073852708882726e-05
11150.0 5.0798731482294906e-05
11160.0 5.08154229035752e-05
11170.0 5.08321184183187e-05
11180.0 5.084881802722856e-05
11190.0 5.0865521731007974e-05
11200.0 5.088222953036025e-05
11210.0 5.094521345760647e-05
11220.0 5.0964604589676366e-05
11230.0 5.0984000647145544e-05
11240.0 5.1003401630612786e-05
11250.0 5.1022807540676764e-05
11260.0 5.104221837793617e-05
11270.0 5.10616341429896e-05
11280.0 5.112479066058551e-05
11290.0 5.1144232915326325e-05
11300.0 5.1163680103877584e-05
11310.0 5.118313222683838e-05
11320.0 5.120258928480771e-05
11330.0 5.1222051278384505e-05
11340.0 5.1285348664083595e-05
11350.0 5.1304837186322114e-05
11360.0 5.132433065018808e-05
11370.0 5.134382905628098e-05
11380.0 5.136333240520001e-05
11390.0 5.142675970925792e-05
11400.0 5.144628962438698e-05
11410.0 5.1469560663095165e-05
11420.0 5.14928390299254e-05
11430.0 5.1516124726217526e-05
11440.0 5.15394177533116e-05
11450.0 5.1606753234215025e-05
11460.0 5.1630080831956056e-05
11470.0 5.165341577078342e-05
11480.0 5.167675805203853e-05
11490.0 5.170010767706289e-05
11500.0 5.176759409561008e-05
11510.0 5.178822998413436e-05
11520.0 5.1808870987276723e-05
11530.0 5.182951710550635e-05
11540.0 5.1850168339292314e-05
11550.0 5.191504740827237e-05
11560.0 5.193572648960979e-05
11570.0 5.195641069227302e-05
11580.0 5.1977100016731246e-05
11590.0 5.1997794463453795e-05
11600.0 5.2062799588849264e-05
11610.0 5.2083839116328555e-05
11620.0 5.210488385084973e-05
11630.0 5.212593379284824e-05
11640.0 5.219137143458097e-05
11650.0 5.2212449717388086e-05
11660.0 5.223353321341207e-05
11670.0 5.225462192308853e-05
11680.0 5.227571584685303e-05
11690.0 5.23412871440356e-05
11700.0 5.236240944399994e-05
11710.0 5.238353696379375e-05
11720.0 5.240466970385269e-05
11730.0 5.247034632718049e-05
11740.0 5.249150747139474e-05
11750.0 5.251267384161676e-05
11760.0 5.253384543828233e-05
11770.0 5.255502226182714e-05
11780.0 5.2620838151729906e-05
11790.0 5.26420434169862e-05
11800.0 5.2663253914866835e-05
11810.0 5.2677246623169936e-05
11820.0 5.273592906798024e-05
11830.0 5.274993666297953e-05
11840.0 5.276394576744543e-05
11850.0 5.277795638126527e-05
11860.0 5.283670955332799e-05
11870.0 5.285073506203253e-05
11880.0 5.2864762081031785e-05
11890.0 5.287879061021296e-05
11900.0 5.293760921219778e-05
11910.0 5.295165264303439e-05
11920.0 5.2965697584993044e-05
11930.0 5.2979744037960904e-05
11940.0 5.299379200182508e-05
11950.0 5.305268411409456e-05
11960.0 5.306674698601715e-05
11970.0 5.308081136977529e-05
11980.0 5.309487726525604e-05
11990.0 5.3153840215768615e-05
12000.0 5.3167921027488734e-05
12010.0 5.318852517365962e-05
12020.0 5.320913475578244e-05
12030.0 5.327470407448867e-05
12040.0 5.3295341945487785e-05
12050.0 5.331598525934062e-05
12060.0 5.3336634016817554e-05
12070.0 5.3402317572430383e-05
12080.0 5.342299465458346e-05
12090.0 5.344367718726771e-05
12100.0 5.3464365171254185e-05
12110.0 5.353015772910097e-05
12120.0 5.3550874071509616e-05
12130.0 5.357159587213225e-05
12140.0 5.359232313174064e-05
12150.0 5.365821943019705e-05
12160.0 5.3678975079912114e-05
12170.0 5.369973619552889e-05
12180.0 5.372050277781979e-05
12190.0 5.378651370617603e-05
12200.0 5.38073087144437e-05
12210.0 5.3823167611846626e-05
12220.0 5.388431263790688e-05
12230.0 5.390019103919412e-05
12240.0 5.3916072523611645e-05
12250.0 5.393195709149702e-05
12260.0 5.399317577852394e-05
12270.0 5.400907986694862e-05
12280.0 5.402498704244554e-05
12290.0 5.4040897305352624e-05
12300.0 5.4102200527901614e-05
12310.0 5.411813033119573e-05
12320.0 5.413406322550698e-05
12330.0 5.4149999211173525e-05
12340.0 5.4211376217184725e-05
12350.0 5.422733175991015e-05
12360.0 5.4243290397599734e-05
12370.0 5.425925213059208e-05
12380.0 5.432071382017139e-05
12390.0 5.433669513009212e-05
12400.0 5.4352679538926984e-05
12410.0 5.437518415956913e-05
12420.0 5.444325591232209e-05
12430.0 5.446579098255498e-05
12440.0 5.448833185398932e-05
12450.0 5.451087852721967e-05
12460.0 5.4579062363566345e-05
12470.0 5.4601639518023696e-05
12480.0 5.462422248091667e-05
12490.0 5.464681125284002e-05
12500.0 5.4715118176741065e-05
12510.0 5.47254060931815e-05
12520.0 5.4735690394155734e-05
12530.0 5.4745971077203124e-05
12540.0 5.480198939151414e-05
12550.0 5.481227141335905e-05
12560.0 5.482254980686528e-05
12570.0 5.4878597014481606e-05
12580.0 5.488887671788426e-05
12590.0 5.489915278252183e-05
12600.0 5.490942520592808e-05
12610.0 5.496317788870878e-05
12620.0 5.497112894846235e-05
12630.0 5.497907654092932e-05
12640.0 5.4987020664150316e-05
12650.0 5.504078712711363e-05
12660.0 5.504873091979944e-05
12670.0 5.50566712344639e-05
12680.0 5.506460806914499e-05
12690.0 5.511839913720188e-05
12700.0 5.512633560905972e-05
12710.0 5.513426859214417e-05
12720.0 5.5142198084490666e-05
12730.0 5.519600272459889e-05
12740.0 5.520393182019933e-05
12750.0 5.5211857416257924e-05
12760.0 5.521977951080752e-05
12770.0 5.522769810188071e-05
12780.0 5.5281530225474104e-05
12790.0 5.528944838053956e-05
12800.0 5.5297363023307774e-05
12810.0 5.529613892102059e-05
12820.0 5.5340839315675184e-05
12830.0 5.533960687978522e-05
12840.0 5.533837078511846e-05
12850.0 5.53371310314436e-05
12860.0 5.538180618694811e-05
12870.0 5.538055807972405e-05
12880.0 5.537930630976208e-05
12890.0 5.5378050876831384e-05
12900.0 5.5422711665359604e-05
12910.0 5.542144785868614e-05
12920.0 5.5420180385314285e-05
12930.0 5.541890924501363e-05
12940.0 5.5463544642210896e-05
12950.0 5.5462265108221825e-05
12960.0 5.546098190357521e-05
12970.0 5.545969502804113e-05
12980.0 5.545840448138971e-05
12990.0 5.5503020614646194e-05
13000.0 5.55017216506091e-05
13010.0 5.551932474979639e-05
13020.0 5.553693215725889e-05
13030.0 5.5600496843441636e-05
13040.0 5.561812744119393e-05
13050.0 5.5635762353104207e-05
13060.0 5.5653401579945625e-05
13070.0 5.5671045122491534e-05
13080.0 5.573471335750821e-05
13090.0 5.5752380121300936e-05
13100.0 5.577005120668696e-05
13110.0 5.578772661444059e-05
13120.0 5.580540634533629e-05
13130.0 5.586918924457307e-05
13140.0 5.588689223118345e-05
13150.0 5.590459954683161e-05
13160.0 5.592231119229305e-05
13170.0 5.5986184462630245e-05
13180.0 5.6003919391443605e-05
13190.0 5.602165865597157e-05
13200.0 5.6039402256990646e-05
13210.0 5.604547155187178e-05
13220.0 5.60977469215855e-05
13230.0 5.610382203289236e-05
13240.0 5.610989755083332e-05
13250.0 5.6115973475415194e-05
13260.0 5.6122049806644685e-05
13270.0 5.612812654452858e-05
13280.0 5.6180444897854655e-05
13290.0 5.618652745552177e-05
13300.0 5.619261042019857e-05
13310.0 5.6198693791891816e-05
13320.0 5.6204777570608324e-05
13330.0 5.6257122485648015e-05
13340.0 5.626321208596342e-05
13350.0 5.626930209365736e-05
13360.0 5.627539250873654e-05
13370.0 5.6281483331207745e-05
13380.0 5.6287574561077736e-05
13390.0 5.6339962496555544e-05
13400.0 5.634605955138285e-05
13410.0 5.6321534379117005e-05
13420.0 5.6297009858878545e-05
13430.0 5.627248599091318e-05
13440.0 5.6247962775466575e-05
13450.0 5.626964076100457e-05
13460.0 5.624509870091708e-05
13470.0 5.622055729462199e-05
13480.0 5.619601654236504e-05
13490.0 5.6171476444391957e-05
13500.0 5.6146937000948464e-05
13510.0 5.61610977637847e-05
13520.0 5.6129171980791476e-05
13530.0 5.609725395725365e-05
13540.0 5.6065343692210243e-05
13550.0 5.603344118470035e-05
13560.0 5.600154643376307e-05
13570.0 5.5969659438437584e-05
13580.0 5.5983670595633604e-05
13590.0 5.595177296182691e-05
13600.0 5.591988308711012e-05
13603.71875 5.586879747911564e-05
13610.0 5.577375400712378e-05
13620.0 5.5622614958690006e-05
13623.7236328125 5.5566390912159125e-05
13630.0 5.548040217735138e-05
13640.0 5.534351623997855e-05
13643.73046875 5.5292488528646124e-05
13650.0 7.598972754916335e-05
13660.0 0.00010895805277439131
13663.7353515625 0.00012120758310020935
13670.0 0.00016238129227589998
13680.0 0.00022783899257316565
13683.740234375 0.0002522376866540808
13690.0 0.00027581619805030875
13700.0 0.00031332857124845526
13703.74609375 0.0003273322153984841
13710.0 0.000374500244021591
13720.0 0.0004496134397745952
13723.7509765625 0.0004776904267683598
13730.0 0.00052441298784681
13740.0 0.0005988729187252518
13743.7568359375 0.000626941333574924
13750.0 0.0006901380825215897
13760.0 0.0007904346686731646
13763.76171875 0.0008280311146076942
13770.0 0.0010074723014765782
13780.0 0.0012939352307586866
13783.767578125 0.001401485119632182
13790.0 0.001595927935633907
13800.0 0.0019066242110227837
13803.7734375 0.0020238929420063434
13810.0 0.0022470037792574928
13820.0 0.0026041813332317435
13823.7783203125 0.002738768007628311
13830.0 0.0031907064247578983
13840.0 0.003930356478001374
13843.7841796875 0.004211024380477217
13850.0 0.004996244581749502
13860.0 0.006268727672848075
13863.7890625 0.0067506521894126394
13870.0 0.008082182202256923
13880.0 0.010232964286236967
13883.794921875 0.011051410601861319
13890.0 0.013326604763950629
13900.0 0.017005100339712996
13903.7998046875 0.018406688029544586
13910.0 0.022706115273461693
13920.0 0.029662783351200185
13923.8056640625 0.03231750400348933
13930.0 0.041810170932084514
13940.0 0.057184171738579224
13943.810546875 0.06305852301667828
13950.0 0.07907115755497922
13960.0 0.10502486668692773
13963.8173828125 0.11495941163441312
13970.0 0.14231067527471403
13980.0 0.1866909202124415
13983.822265625 0.20370038632633666
13990.0 0.2402940861381218
14000.0 0.29971730539238706
14003.8271484375 0.3224003859855972
14010.0 0.3516819532241468
14020.0 0.3991938540351342
14023.8330078125 0.41743007897617973
14030.0 0.4360440034648133
14040.0 0.4662750488005208
14043.837890625 0.47789313197849337
14050.0 0.4842154219722052
14060.0 0.4944911688779233
14063.84375 0.4984461134249911
14070.0 0.49966837308914774
14080.0 0.5020664334496798
14083.8486328125 0.5028329591299071
14090.0 0.5027641621843458
14100.0 0.5026514713873864
14103.85546875 0.5026077423077925
14110.0 0.5022136756638993
14120.0 0.5015706541646575
14123.8603515625 0.5013218641397827
14130.0 0.50179627992164
14140.0 0.5025695520423471
14143.865234375 0.5028686270442977
14150.0 0.5038733958209202
14160.0 0.50551315960773
14163.87109375 0.5061485720909237
14170.0 0.5080280313326044
14180.0 0.5110987764370357
14183.8759765625 0.5122903895804629
14190.0 0.5149968875463992
14200.0 0.5189983545133358
14203.8818359375 0.5205333534185297
14210.0 0.5232610740921532
14220.0 0.5277199441128119
14223.88671875 0.5294531395130031
14230.0 0.5319055647177543
14240.0 0.5359176180700795
14243.892578125 0.5374794814270406
14250.0 0.5391439266798927
14260.0 0.5418694774915783
14263.8984375 0.5429321064092916
14270.0 0.5441854703966903
14280.0 0.5462398285129603
14283.904296875 0.5470419745982849
14290.0 0.54732173739744
14300.0 0.5477806934404952
14303.9091796875 0.5479601093415555
14310.0 0.5480008989415581
14320.0 0.5480678281053533
14323.9140625 0.5480940111193664
14330.0 0.5482028777807736
14340.0 0.5483817330240341
14343.919921875 0.5484518336874755
14350.0 0.5485094700747675
14360.0 0.5486042288485186
14363.9248046875 0.5486414073380431
14370.0 0.5489882265403282
14380.0 0.549559121156934
14383.9306640625 0.5497835264676008
14390.0 0.5501810655000821
14400.0 0.5503856693127622
14403.935546875 0.5506021986828824
14410.0 0.5507660268775095
14420.0 0.5510360854562367
14423.9423828125 0.5511425232925765
14430.0 0.5512382557689504
14440.0 0.5513962272616477
14443.947265625 0.5514585605038783
14450.0 0.5515202478435198
14460.0 0.551622110009542
14463.9521484375 0.5516623487874038
14470.0 0.551131845707904
14480.0 0.5502548034573016
14483.9580078125 0.5499077155474252
14490.0 0.5491920293377617
14500.0 0.5480077022602982
14503.962890625 0.547462364526986
14510.0 0.5464125257528176
14520.0 0.545120916576903
14523.96875 0.5446080309480847
14530.0 0.5439969451411276
14540.0 0.5429830969437459
14543.9736328125 0.5425800060991114
14550.0 0.5420022396879156
14560.0 0.5410428910678675
14563.98046875 0.5406608108044602
14570.0 0.5404030179342181
14580.0 0.5395322281185635
14583.9853515625 0.5393614510310037
14590.0 0.5395920278969701
14600.0 0.5399755170226552
14603.9912109375 0.5401046821770235
14610.0 0.5407200937373395
14620.0 0.5417446156226126
14623.99609375 0.5421541416354038
14630.0 0.542937858119609
14640.0 0.5442436443925834
14644.0009765625 0.5445875772813891
14650.0 0.5452876732757035
14660.0 0.5469017981746959
14664.0068359375 0.5475487471831272
14670.0 0.5482982344397194
14680.0 0.5495492247639695
14684.01171875 0.5500512345436718
14690.0 0.550481575314557
14700.0 0.5512004326608758
14704.017578125 0.551307569818168
14710.0 0.550963618653176
14720.0 0.5508409630474997
14724.0234375 0.5507915788237566
14730.0 0.5502822895416298
14740.0 0.5494297733993789
14744.029296875 0.5490861377246428
14750.0 0.5482751415017011
14760.0 0.5464672380852688
14764.0341796875 0.5459193029995099
14770.0 0.544422536998495
14780.0 0.5419126419341431
14784.0390625 0.5408985270295541
14790.0 0.5396525444982516
14800.0 0.5371197331515738
14804.044921875 0.5362524782658514
14810.0 0.5350255513042337
14820.0 0.5329647719647065
14824.0498046875 0.5321300270207133
14830.0 0.5310036590968801
14840.0 0.5286751349107754
14844.0556640625 0.5279076971851523
14850.0 0.5274328805045387
14860.0 0.5266339045377634
14864.060546875 0.5263094034486817
14870.0 0.5261846488449932
14880.0 0.5255416054890321
14884.0673828125 0.5254561829515887
14890.0 0.5257474183875973
14900.0 0.5262383950431686
14904.072265625 0.5264383593646
14910.0 0.5271617098797614
14920.0 0.527947008560528
14924.078125 0.5284444184056234
14930.0 0.5292830346606359
14940.0 0.5306994351175118
14944.0830078125 0.5312778490912862
14950.0 0.5324811883640088
14960.0 0.5340746111910872
14964.087890625 0.5349055869497125
14970.0 0.5360743303407799
14980.0 0.5380515792578026
14984.09375 0.5386791365534197
14990.0 0.5394514330655996
15000.0 0.5412039877461441
15004.0986328125 0.5418160236588334
15010.0 0.5425811672859746
15020.0 0.5434278519155206
15024.10546875 0.5439590989657141
15030.0 0.5445897907710351
15040.0 0.5456590889518065
15044.1103515625 0.5459128488704844
15050.0 0.5459632528263793
15060.0 0.5464998056856376
15064.1162109375 0.546720526972513
15070.0 0.5470687644378383
15080.0 0.5472072162081872
15084.12109375 0.5474506139691017
15090.0 0.5476175284901266
15100.0 0.5479012186661633
15104.1259765625 0.5478310194081979
15110.0 0.5475511297744889
15120.0 0.5475282050967512
15124.1318359375 0.5475187101357717
15130.0 0.5473910419056459
15140.0 0.5467201713696337
15144.13671875 0.5466302822600709
15150.0 0.5462100250902328
15160.0 0.5454935835903085
15164.142578125 0.5450096499730628
15170.0 0.5440336956385311
15180.0 0.5428201424805564
15184.1484375 0.5421302156567251
15190.0 0.5411254803262451
15200.0 0.5398591418889105
15204.154296875 0.5393148153073642
15210.0 0.5384198356802895
15220.0 0.5364438286247958
15224.1591796875 0.5358083247650524
15230.0 0.5346905757463621
15240.0 0.5323352490430263
15244.1650390625 0.5315398006990324
15250.0 0.5302329007719689
15260.0 0.5279945491272539
15264.169921875 0.5268788506076155
15270.0 0.5253205810076924
15280.0 0.5230876983234727
15284.1748046875 0.5219745503540865
15290.0 0.5205509573190216
15300.0 0.5185431069595448
15304.1806640625 0.5175237963709138
15310.0 0.5162818351567109
15320.0 0.5145801382152246
15324.185546875 0.5136888899609272
15330.0 0.5128657626097893
15340.0 0.5118792800179174
15344.1923828125 0.5112869509096372
15350.0 0.51080024707796
15360.0 0.5103892880547896
15364.197265625 0.5102168664807643
15370.0 0.5103270424720433
15380.0 0.5100901688748231
15384.203125 0.5101697264032566
15390.0 0.5107058993166704
15400.0 0.51120235454104
15404.2080078125 0.5116017286511272
15410.0 0.5124190676720326
15420.0 0.5133992954220348
15424.212890625 0.5139925633215849
15430.0 0.5148857276404064
15440.0 0.5159955541988024
15444.21875 0.5166453143990382
15450.0 0.5176451695588461
15460.0 0.5189382151782038
15464.2236328125 0.5194830343659927
15470.0 0.5202736525484226
15480.0 0.5220771874024329
15484.23046875 0.5226540239449752
15490.0 0.5230187841514286
15500.0 0.5240892417371628
15504.2353515625 0.5244152782523991
15510.0 0.524578458766612
15520.0 0.5253022557485976
15524.2412109375 0.5254216852790556
15530.0 0.525428302481161
15540.0 0.5258817843317025
15544.24609375 0.5258862893242243
15550.0 0.525830159694834
15560.0 0.5257320279652712
15564.251953125 0.5258786422331139
15570.0 0.5257986438376643
15580.0 0.5252162423172885
15584.2568359375 0.5251570596159152
15590.0 0.5251852014644277
15600.0 0.5247909802020045
15604.26171875 0.5247999268985547
15610.0 0.5247195990342859
15620.0 0.524136549784314
15624.267578125 0.5238878290860842
15630.0 0.5237226216919698
15640.0 0.523877336215155
15644.2734375 0.5237539916544282
15650.0 0.5236345612119108
15660.0 0.5234256109981108
15664.279296875 0.523525908317468
15670.0 0.5238433397582442
15680.0 0.5239536833058919
15684.2841796875 0.5241910681142103
15690.0 0.5242942017518353
15700.0 0.5240297009637915
15704.2900390625 0.5239161313856846
15710.0 0.523840888944638
15720.0 0.5241538924772883
15724.294921875 0.5240969609780726
15730.0 0.5239604557580376
15740.0 0.5237208356532133
15744.30078125 0.5238093788412419
15750.0 0.5237450150931798
15760.0 0.5231864762180735
15764.3056640625 0.5229460274068141
15770.0 0.5225375089558517
15780.0 0.5218205624019591
15784.310546875 0.5217035468035478
15790.0 0.5214135605880916
15800.0 0.5204595019778383
15804.3173828125 0.5200568172873637
15810.0 0.5196772029530415
15820.0 0.5194535029407693
15824.322265625 0.5191649762225838
15830.0 0.5186811903816475
15840.0 0.5178296749742043
15844.328125 0.5174613937675172
15850.0 0.5170088616273819
15860.0 0.5166542280394907
15864.3330078125 0.5163088040428101
15870.0 0.5159019743885158
15880.0 0.5151844903357761
15884.3388671875 0.5148733689477838
15890.0 0.5145419287556194
15900.0 0.5143985601858668
15904.34375 0.5141443437847728
15910.0 0.5138282189660319
15920.0 0.5132694902262804
15924.3486328125 0.5130266086490294
15930.0 0.5127850092269266
15940.0 0.5123574140943037
15944.35546875 0.5123635487449016
15950.0 0.5120614799064387
15960.0 0.511085478414004
15964.3603515625 0.510660209604065
15970.0 0.5101104667120904
15980.0 0.509136496194313
15984.3662109375 0.5087115884960957
15990.0 0.5079581445334461
16000.0 0.507060755987951
16004.37109375 0.5064858201655582
16010.0 0.5055994488613116
16020.0 0.5040264867569705
16024.376953125 0.5033386555127295
16030.0 0.5023679395439169
16040.0 0.5006435175462952
16044.3818359375 0.4998886909996217
16050.0 0.4989361706652359
16060.0 0.49767494896081055
16064.3876953125 0.49693210609034827
16070.0 0.4962587135496301
16080.0 0.49506003441075697
16084.392578125 0.4945339360572891
16090.0 0.49397869579274006
16100.0 0.4929893178759779
16104.3984375 0.4925544974593489
16110.0 0.49215999292992224
16120.0 0.49145605103818224
16124.404296875 0.491146193292159
16130.0 0.4910696140874011
16140.0 0.4909322457315431
16144.4091796875 0.4908714887289502
16150.0 0.4908804870053967
16160.0 0.4913261403742814
16164.4150390625 0.4913328510795547
16170.0 0.4915704954252141
16180.0 0.4919946411230771
16184.419921875 0.4921815970597294
16190.0 0.4923599522213883
16200.0 0.49267837361298716
16204.42578125 0.4927788248422993
16210.0 0.4928479144273325
16220.0 0.4929708699162775
16224.4306640625 0.49302489727005444
16230.0 0.4927372510334788
16240.0 0.4922208729543908
16244.435546875 0.49199189677657024
16250.0 0.4913506794078571
16260.0 0.49019952770169173
16264.4423828125 0.4896886782742429
16270.0 0.4886548508434246
16280.0 0.48679712123406704
16284.447265625 0.48597198025398164
16290.0 0.4847738741176023
16300.0 0.48261930202661585
16304.453125 0.4816610886374367
16310.0 0.48000591206416504
16320.0 0.47702654259776534
16324.4580078125 0.47570020452827383
16330.0 0.47413690706457795
16340.0 0.4713203649709471
16344.4638671875 0.4700648975392505
16350.0 0.4685371724458471
16360.0 0.4657817521625106
16364.46875 0.46436707943304795
16370.0 0.4630071146610525
16380.0 0.46096550125523006
16384.474609375 0.46005319213959706
16390.0 0.4597155841094423
16400.0 0.45910484379240846
16404.48046875 0.4589525720088346
16410.0 0.4591233697797476
16420.0 0.4594320075202015
16424.484375 0.45957009571263663
16430.0 0.46033125663325464
16440.0 0.46170959162287717
16444.490234375 0.46232775101267837
16450.0 0.46362105023624917
16460.0 0.4655463499789334
16464.49609375 0.4665983265370304
16470.0 0.46803572181311043
16480.0 0.47064450236147565
16484.501953125 0.47181773437544183
16490.0 0.47308568447135807
16500.0 0.4753892694350877
16504.5078125 0.4764266081670169
16510.0 0.47709008102681316
16520.0 0.4782964515493963
16524.513671875 0.4786444485381136
16530.0 0.47829193864905384
16540.0 0.4780829735101811
16544.517578125 0.47798846016350277
16550.0 0.4773856352417666
16560.0 0.47628652385036124
16564.5234375 0.4757895835524843
16570.0 0.47460654330483876
16580.0 0.4720170937940425
16584.529296875 0.47104069637991774
16590.0 0.46972695392505576
16600.0 0.4673272058202253
16604.533203125 0.46570561882276407
16610.0 0.4639827344375474
16620.0 0.46041946094013264
16624.5390625 0.4589991942555456
16630.0 0.45777335004628616
16640.0 0.4555345848856258
16644.544921875 0.45451968295284
16650.0 0.4540436431338804
16660.0 0.4527534289321542
16664.55078125 0.45235597421830653
16670.0 0.4518667417286807
16680.0 0.450968428256934
16684.556640625 0.4503694424417557
16690.0 0.4497579413997766
16700.0 0.44904895931130206
16704.5625 0.4487249163164388
16710.0 0.44784804215836715
16720.0 0.4458248124891132
16724.56640625 0.44509162331563457
16730.0 0.4431708988215897
16740.0 0.4396484590926404
16744.572265625 0.43785709580077103
16750.0 0.4348608813266758
16760.0 0.4297683113824339
16764.578125 0.4274456899347582
16770.0 0.4244877908765988
16780.0 0.4186632143071343
16784.58203125 0.4161853978926381
16790.0 0.4139508850856415
16800.0 0.4094586951298564
16804.58984375 0.407589516004835
16810.0 0.4049701357146035
16820.0 0.4001475334265953
16824.59375 0.39776863290679976
16830.0 0.39049338134113776
16840.0 0.37746968342097975
16844.599609375 0.3713442034197816
16850.0 0.3531896889958934
16860.0 0.3200820021458639
16864.60546875 0.30477117560975786
16870.0 0.27667635465259655
16880.0 0.22513621405351547
16884.611328125 0.20147949182800023
16890.0 0.17676232720387366
16900.0 0.1309938178371769
16904.615234375 0.1100461429386004
16910.0 0.09529671781477038
16920.0 0.06797563158179787
16924.62109375 0.055451184929788816
16930.0 0.04801808498034853
16940.0 0.03423456696072428
16944.626953125 0.027908104287172074
16950.0 0.02431643596277332
16960.0 0.0176479919308314
16964.6328125 0.014577467568167994
16970.0 0.012818736592440148
16980.0 0.009572071511577495
16984.638671875 0.008069589633684452
16990.0 0.00713370216408578
17000.0 0.005404475560856519
17004.642578125 0.004601800800446963
17010.0 0.0041227691651302975
17020.0 0.0032385022640575765
17024.6484375 0.0028285932801946838
17030.0 0.0025281030145204173
17040.0 0.0019708598615320928
17044.654296875 0.001714162705150492
17050.0 0.0015765106906668865
17060.0 0.001319307771555274
17064.66015625 0.0012008622976888647
17070.0 0.0010769339106971917
17080.0 0.0008454641804328746
17084.6640625 0.0007382973098208293
17090.0 0.0006489928016658056
17100.0 0.0004833888821454007
17104.669921875 0.00040633076965394837
17110.0 0.00037284335766149475
17120.0 0.00031049747719195616
17124.67578125 0.00028169022350347785
17130.0 0.0002810660867170902
17140.0 0.00027962005785451297
17144.681640625 0.00027894444540136243
17150.0 0.00023592791991268157
17160.0 0.00015583096466758364
17164.6875 0.00011845985973338416
17170.0 0.0001181332771396374
17180.0 0.0001175198353992523
17184.69140625 0.00011728723968785075
17190.0 0.00011702429559988213
17200.0 0.00011641387567876681
17204.697265625 0.00011568709080994362
17210.0 0.00010471591135804592
17220.0 8.44235983833254e-05
17224.703125 7.50940144634887e-05
17230.0 7.459244118132954e-05
17240.0 7.357359387725257e-05
17250.0 7.255882419372994e-05
17260.0 7.154813705402382e-05
17270.0 7.054152001429981e-05
17280.0 6.960921828069398e-05
17290.0 6.860987437758885e-05
17300.0 6.761458990467672e-05
17310.0 6.66233692759529e-05
17320.0 6.563620057425887e-05
17330.0 6.46530880104674e-05
17340.0 6.367401987767683e-05
17350.0 6.27631743835942e-05
17360.0 6.179133118021405e-05
17370.0 6.082352177328642e-05
17380.0 5.985974986689295e-05
17390.0 5.890000789759266e-05
17400.0 5.79442885094553e-05
17410.0 5.618134436973494e-05
17420.0 5.44263988758197e-05
17430.0 5.2679450938949825e-05
17440.0 5.094048601333612e-05
17450.0 4.920950261319368e-05
17460.0 4.748648660535488e-05
17470.0 4.5771436107597164e-05
17480.0 4.406434015764298e-05
17490.0 4.2365188200824694e-05
17500.0 4.0673977761363555e-05
17510.0 3.899069573503838e-05
17520.0 3.7315339251099216e-05
17530.0 3.5647895615861685e-05
17540.0 3.39883615641905e-05
17550.0 3.2336726867161245e-05
17560.0 3.069298170138524e-05
17570.0 2.9057122211246524e-05
17580.0 2.742913672680229e-05
17590.0 2.580902099951366e-05
17600.0 2.4170690003951136e-05
17610.0 2.321810327485084e-05
17620.0 2.2269993878926004e-05
17630.0 2.1326360769636847e-05
17640.0 2.0387198471685585e-05
17650.0 1.9452501743050827e-05
17660.0 1.8502025331695546e-05
17670.0 1.7577221359083788e-05
17680.0 1.665687166399341e-05
17690.0 1.5740971241964334e-05
17700.0 1.4813149361437271e-05
17710.0 1.3907105899137996e-05
17720.0 1.3005500207127948e-05
17730.0 1.2108327517901312e-05
17740.0 1.1203082252780925e-05
17750.0 1.0315730038564796e-05
17760.0 9.432799859236676e-06
17770.0 8.554286438375661e-06
17780.0 7.671538274651168e-06
17790.0 6.802809875897101e-06
17800.0 5.938486828167238e-06
17810.0 5.696062773351634e-06
17820.0 5.461521148933432e-06
17830.0 5.222166770223093e-06
17840.0 4.990187594274619e-06
17850.0 4.759361546541774e-06
17860.0 4.524475473754992e-06
17870.0 4.2962051006770986e-06
17880.0 4.064375067566184e-06
17890.0 3.838655179293284e-06
17900.0 3.609875672405758e-06
17910.0 3.3867014238703305e-06
17920.0 3.1609669342502017e-06
17930.0 2.9403334844573423e-06
17940.0 2.717638507643455e-06
17950.0 2.499541019669356e-06
17960.0 2.2798800556937587e-06
17970.0 2.064313696684204e-06
17980.0 1.8476812500705001e-06
17990.0 1.6346411912393497e-06
18000.0 1.4210317710010694e-06
18001.0 0.0
